    8.00000000000000000000e+02
    0.00000000000000000000e+00
   -3.99999083333333771861e+02
    0.00000000000000000000e+00
   -3.99999083333331043377e+02
    0.00000000000000000000e+00
   -3.99999083333351507008e+02
    0.00000000000000000000e+00
   -3.99999083333296937326e+02
    0.00000000000000000000e+00
   -3.99999083333362420944e+02
    0.00000000000000000000e+00
   -3.99999083333362420944e+02
    0.00000000000000000000e+00
   -3.99999083333493388182e+02
    0.00000000000000000000e+00
   -3.99999083333187854805e+02
    0.00000000000000000000e+00
   -3.99999083333187797962e+02
    0.00000000000000000000e+00
   -3.99999083333624412262e+02
    0.00000000000000000000e+00
   -3.99999083333100543314e+02
    0.00000000000000000000e+00
   -3.99999083333449675592e+02
    0.00000000000000000000e+00
   -3.99999083331703786826e+02
    0.00000000000000000000e+00
   -3.99999083334148281210e+02
    0.00000000000000000000e+00
   -3.99999083334497413489e+02
    0.00000000000000000000e+00
   -3.99999083331005294895e+02
    0.00000000000000000000e+00
   -3.99999083334498436670e+02
    0.00000000000000000000e+00
   -3.99999083334496617681e+02
    0.00000000000000000000e+00
   -3.99999083331004840147e+02
    0.00000000000000000000e+00
   -3.99999083333799717366e+02
    0.00000000000000000000e+00
   -3.99999083335194882238e+02
    0.00000000000000000000e+00
   -3.99999083329607856285e+02
    0.00000000000000000000e+00
   -3.99999083335197610722e+02
    0.00000000000000000000e+00
   -3.99999083335195791733e+02
    0.00000000000000000000e+00
   -3.99999083337988849962e+02
    0.00000000000000000000e+00
   -3.99999083326811160077e+02
    0.00000000000000000000e+00
   -3.99999083326824802498e+02
    0.00000000000000000000e+00
   -3.99999083343571328442e+02
    0.00000000000000000000e+00
   -3.99999083329599670833e+02
    0.00000000000000000000e+00
   -3.99999083335193063249e+02
    0.00000000000000000000e+00
   -3.99999083340782817686e+02
    0.00000000000000000000e+00
   -3.99999083324022649322e+02
    0.00000000000000000000e+00
   -3.99999083324040839216e+02
    0.00000000000000000000e+00
   -3.99999083346370753134e+02
    0.00000000000000000000e+00
   -3.99999083329617860727e+02
    0.00000000000000000000e+00
   -3.99999083346363477176e+02
    0.00000000000000000000e+00
   -3.99999083329588756897e+02
    0.00000000000000000000e+00
   -3.99999083324008097406e+02
    0.00000000000000000000e+00
   -3.99999083324008097406e+02
    0.00000000000000000000e+00
   -3.99999083351991430391e+02
    0.00000000000000000000e+00
   -3.99999083318463817704e+02
    0.00000000000000000000e+00
   -3.99999083351925946772e+02
    0.00000000000000000000e+00
   -3.99999083329603308812e+02
    0.00000000000000000000e+00
   -3.99999083318383782171e+02
    0.00000000000000000000e+00
   -3.99999083318471093662e+02
    0.00000000000000000000e+00
   -3.99999083363145473413e+02
    0.00000000000000000000e+00
   -3.99999083318456541747e+02
    0.00000000000000000000e+00
   -3.99999083351925946772e+02
    0.00000000000000000000e+00
   -3.99999083329632412642e+02
    0.00000000000000000000e+00
   -3.99999083318456541747e+02
    0.00000000000000000000e+00
   -3.99999083385424455628e+02
    0.00000000000000000000e+00
   -3.99999083251372212544e+02
    0.00000000000000000000e+00
   -3.99999083363072713837e+02
    0.00000000000000000000e+00
   -3.99999083340895595029e+02
    0.00000000000000000000e+00
   -3.99999083273927681148e+02
    0.00000000000000000000e+00
   -3.99999083407281432301e+02
    0.00000000000000000000e+00
   -3.99999083408212754875e+02
    0.00000000000000000000e+00
   -3.99999083318165503442e+02
    0.00000000000000000000e+00
   -3.99999083296104799956e+02
    0.00000000000000000000e+00
   -3.99999083363334648311e+02
    0.00000000000000000000e+00
   -3.99999083318165503442e+02
    0.00000000000000000000e+00
   -3.99999083318340126425e+02
    0.00000000000000000000e+00
   -3.99999083407921716571e+02
    0.00000000000000000000e+00
   -3.99999083229107782245e+02
    0.00000000000000000000e+00
   -3.99999083362636156380e+02
    0.00000000000000000000e+00
   -3.99999083408270962536e+02
    0.00000000000000000000e+00
   -3.99999083184637129307e+02
    0.00000000000000000000e+00
   -3.99999083362868987024e+02
    0.00000000000000000000e+00
   -3.99999083408154547215e+02
    0.00000000000000000000e+00
   -3.99999083317932672799e+02
    0.00000000000000000000e+00
   -3.99999083364033140242e+02
    0.00000000000000000000e+00
   -3.99999083406873978674e+02
    0.00000000000000000000e+00
   -3.99999083363916724920e+02
    0.00000000000000000000e+00
   -3.99999083229107782245e+02
    0.00000000000000000000e+00
   -3.99999083406990393996e+02
    0.00000000000000000000e+00
   -3.99999083185102790594e+02
    0.00000000000000000000e+00
   -3.99999083407456055284e+02
    0.00000000000000000000e+00
   -3.99999083407688885927e+02
    0.00000000000000000000e+00
   -3.99999083184171468019e+02
    0.00000000000000000000e+00
   -3.99999083363451063633e+02
    0.00000000000000000000e+00
   -3.99999083453323692083e+02
    0.00000000000000000000e+00
   -3.99999083182774484158e+02
    0.00000000000000000000e+00
   -3.99999083365779370070e+02
    0.00000000000000000000e+00
   -3.99999083451926708221e+02
    0.00000000000000000000e+00
   -3.99999083362519741058e+02
    0.00000000000000000000e+00
   -3.99999083185568451881e+02
    0.00000000000000000000e+00
   -3.99999083451461046934e+02
    0.00000000000000000000e+00
   -3.99999083274044096470e+02
    0.00000000000000000000e+00
   -3.99999083272181451321e+02
    0.00000000000000000000e+00
   -3.99999083455651998520e+02
    0.00000000000000000000e+00
   -3.99999083093367516994e+02
    0.00000000000000000000e+00
   -3.99999083451926708221e+02
    0.00000000000000000000e+00
   -3.99999083453789353371e+02
    0.00000000000000000000e+00
   -3.99999083186965435743e+02
    0.00000000000000000000e+00
   -3.99999083361588418484e+02
    0.00000000000000000000e+00
   -3.99999083451461046934e+02
    0.00000000000000000000e+00
   -3.99999083363451063633e+02
    0.00000000000000000000e+00
   -3.99999083185568451881e+02
    0.00000000000000000000e+00
   -3.99999083451926708221e+02
    0.00000000000000000000e+00
   -3.99999083273112773895e+02
    0.00000000000000000000e+00
   -3.99999083274975419044e+02
    0.00000000000000000000e+00
   -3.99999083093367516994e+02
    0.00000000000000000000e+00
   -3.99999083989299833775e+02
    0.00000000000000000000e+00
   -3.99999082910828292370e+02
    0.00000000000000000000e+00
   -3.99999083100818097591e+02
    0.00000000000000000000e+00
   -3.99999083980917930603e+02
    0.00000000000000000000e+00
   -3.99999082922004163265e+02
    0.00000000000000000000e+00
   -3.99999082918278872967e+02
    0.00000000000000000000e+00
   -3.99999083810485899448e+02
    0.00000000000000000000e+00
   -3.99999083099886775017e+02
    0.00000000000000000000e+00
   -3.99999083098024129868e+02
    0.00000000000000000000e+00
   -3.99999083969742059708e+02
    0.00000000000000000000e+00
   -3.99999083274975419044e+02
    0.00000000000000000000e+00
   -3.99999083988368511200e+02
    0.00000000000000000000e+00
   -3.99999083286151289940e+02
    0.00000000000000000000e+00
   -3.99999083092436194420e+02
    0.00000000000000000000e+00
   -3.99999083625152707100e+02
    0.00000000000000000000e+00
   -3.99999083282425999641e+02
    0.00000000000000000000e+00
   -3.99999083086848258972e+02
    0.00000000000000000000e+00
   -3.99999083450064063072e+02
    0.00000000000000000000e+00
   -3.99999083461239933968e+02
    0.00000000000000000000e+00
   -3.99999083083122968674e+02
    0.00000000000000000000e+00
   -3.99999083453789353371e+02
    0.00000000000000000000e+00
   -3.99999083805829286575e+02
    0.00000000000000000000e+00
   -3.99999082738533616066e+02
    0.00000000000000000000e+00
   -3.99999083107337355614e+02
    0.00000000000000000000e+00
   -3.99999084156006574631e+02
    0.00000000000000000000e+00
   -3.99999082744121551514e+02
    0.00000000000000000000e+00
   -3.99999083094298839569e+02
    0.00000000000000000000e+00
   -3.99999084170907735825e+02
    0.00000000000000000000e+00
   -3.99999082721769809723e+02
    0.00000000000000000000e+00
   -3.99999083120375871658e+02
    0.00000000000000000000e+00
   -3.99999084513634443283e+02
    0.00000000000000000000e+00
   -3.99999083086848258972e+02
    0.00000000000000000000e+00
   -3.99999082397669553757e+02
    0.00000000000000000000e+00
   -3.99999083809554576874e+02
    0.00000000000000000000e+00
   -3.99999083086848258972e+02
    0.00000000000000000000e+00
   -3.99999084159731864929e+02
    0.00000000000000000000e+00
   -3.99999083109200000763e+02
    0.00000000000000000000e+00
   -3.99999082747846841812e+02
    0.00000000000000000000e+00
   -3.99999083805829286575e+02
    0.00000000000000000000e+00
   -3.99999084524810314178e+02
    0.00000000000000000000e+00
   -3.99999082408845424652e+02
    0.00000000000000000000e+00
   -3.99999083083122968674e+02
    0.00000000000000000000e+00
   -3.99999084148555994034e+02
    0.00000000000000000000e+00
   -3.99999082766473293304e+02
    0.00000000000000000000e+00
   -3.99999084159731864929e+02
    0.00000000000000000000e+00
   -3.99999083071947097778e+02
    0.00000000000000000000e+00
   -3.99999082759022712708e+02
    0.00000000000000000000e+00
   -3.99999084167182445526e+02
    0.00000000000000000000e+00
   -3.99999083071947097778e+02
    0.00000000000000000000e+00
   -3.99999082721769809723e+02
    0.00000000000000000000e+00
   -3.99999082773923873901e+02
    0.00000000000000000000e+00
   -3.99999084517359733582e+02
    0.00000000000000000000e+00
   -3.99999082729220390320e+02
    0.00000000000000000000e+00
   -3.99999082751572132111e+02
    0.00000000000000000000e+00
   -3.99999084547162055969e+02
    0.00000000000000000000e+00
   -3.99999082744121551514e+02
    0.00000000000000000000e+00
   -3.99999083079397678375e+02
    0.00000000000000000000e+00
   -3.99999083124101161957e+02
    0.00000000000000000000e+00
   -3.99999083794653415680e+02
    0.00000000000000000000e+00
   -3.99999083064496517181e+02
    0.00000000000000000000e+00
   -3.99999084576964378357e+02
    0.00000000000000000000e+00
   -3.99999082379043102264e+02
    0.00000000000000000000e+00
   -3.99999083042144775391e+02
    0.00000000000000000000e+00
   -3.99999084576964378357e+02
    0.00000000000000000000e+00
   -3.99999082416296005249e+02
    0.00000000000000000000e+00
   -3.99999083012342453003e+02
    0.00000000000000000000e+00
   -3.99999084591865539551e+02
    0.00000000000000000000e+00
   -3.99999082401394844055e+02
    0.00000000000000000000e+00
   -3.99999084487557411194e+02
    0.00000000000000000000e+00
   -3.99999083101749420166e+02
    0.00000000000000000000e+00
   -3.99999082416296005249e+02
    0.00000000000000000000e+00
   -3.99999083742499351501e+02
    0.00000000000000000000e+00
   -3.99999083846807479858e+02
    0.00000000000000000000e+00
   -3.99999082416296005249e+02
    0.00000000000000000000e+00
   -3.99999083772301673889e+02
    0.00000000000000000000e+00
   -3.99999083817005157471e+02
    0.00000000000000000000e+00
   -3.99999082326889038086e+02
    0.00000000000000000000e+00
   -3.99999083146452903748e+02
    0.00000000000000000000e+00
   -3.99999084576964378357e+02
    0.00000000000000000000e+00
   -3.99999082297086715698e+02
    0.00000000000000000000e+00
   -3.99999082401394844055e+02
    0.00000000000000000000e+00
   -3.99999085262417793274e+02
    0.00000000000000000000e+00
   -3.99999082341790199280e+02
    0.00000000000000000000e+00
   -3.99999082401394844055e+02
    0.00000000000000000000e+00
   -3.99999085262417793274e+02
    0.00000000000000000000e+00
   -3.99999082416296005249e+02
    0.00000000000000000000e+00
   -3.99999083146452903748e+02
    0.00000000000000000000e+00
   -3.99999084442853927612e+02
    0.00000000000000000000e+00
   -3.99999082416296005249e+02
    0.00000000000000000000e+00
   -3.99999083176255226135e+02
    0.00000000000000000000e+00
   -3.99999084413051605225e+02
    0.00000000000000000000e+00
   -3.99999082446098327637e+02
    0.00000000000000000000e+00
   -3.99999084472656250000e+02
    0.00000000000000000000e+00
   -3.99999083101749420166e+02
    0.00000000000000000000e+00
   -3.99999082446098327637e+02
    0.00000000000000000000e+00
   -3.99999084472656250000e+02
    0.00000000000000000000e+00
   -3.99999083131551742554e+02
    0.00000000000000000000e+00
   -5.33332413524389266968e+02
    0.00000000000000000000e+00
   -5.33332417249679565430e+02
    0.00000000000000000000e+00
   -5.33332417339086532593e+02
    0.00000000000000000000e+00
   -5.33332415401935577393e+02
    0.00000000000000000000e+00
   -5.33332419216632843018e+02
    0.00000000000000000000e+00
   -5.33332411527633666992e+02
    0.00000000000000000000e+00
   -5.33332419276237487793e+02
    0.00000000000000000000e+00
   -5.33332421064376831055e+02
    0.00000000000000000000e+00
   -5.33332413405179977417e+02
    0.00000000000000000000e+00
   -5.33332415312528610229e+02
    0.00000000000000000000e+00
   -5.33332419395446777344e+02
    0.00000000000000000000e+00
   -5.33332411557435989380e+02
    0.00000000000000000000e+00
   -5.33332419276237487793e+02
    0.00000000000000000000e+00
   -5.33332420796155929565e+02
    0.00000000000000000000e+00
   -5.33332413673400878906e+02
    0.00000000000000000000e+00
   -5.33332415372133255005e+02
    0.00000000000000000000e+00
   -5.33332419335842132568e+02
    0.00000000000000000000e+00
   -5.33332409650087356567e+02
    0.00000000000000000000e+00
   -5.33332420915365219116e+02
    0.00000000000000000000e+00
   -5.33332417517900466919e+02
    0.00000000000000000000e+00
   -5.33332417190074920654e+02
    0.00000000000000000000e+00
   -5.33332413762807846069e+02
    0.00000000000000000000e+00
   -5.33332419097423553467e+02
    0.00000000000000000000e+00
   -5.33332411825656890869e+02
    0.00000000000000000000e+00
   -5.33332420706748962402e+02
    0.00000000000000000000e+00
   -5.33332419037818908691e+02
    0.00000000000000000000e+00
   -5.33332411825656890869e+02
    0.00000000000000000000e+00
   -5.33332420885562896729e+02
    0.00000000000000000000e+00
   -5.33332421422004699707e+02
    0.00000000000000000000e+00
   -5.33332413136959075928e+02
    0.00000000000000000000e+00
   -5.33332413733005523682e+02
    0.00000000000000000000e+00
   -5.33332419335842132568e+02
    0.00000000000000000000e+00
   -5.33332411527633666992e+02
    0.00000000000000000000e+00
   -5.33332419157028198242e+02
    0.00000000000000000000e+00
   -5.33332422673702239990e+02
    0.00000000000000000000e+00
   -5.33332413673400878906e+02
    0.00000000000000000000e+00
   -5.33332413613796234131e+02
    0.00000000000000000000e+00
   -5.33332419335842132568e+02
    0.00000000000000000000e+00
   -5.33332409620285034180e+02
    0.00000000000000000000e+00
   -5.33332420945167541504e+02
    0.00000000000000000000e+00
   -5.33332421004772186279e+02
    0.00000000000000000000e+00
   -5.33332413554191589355e+02
    0.00000000000000000000e+00
   -5.33332413673400878906e+02
    0.00000000000000000000e+00
   -5.33332421302795410156e+02
    0.00000000000000000000e+00
   -5.33332409203052520752e+02
    0.00000000000000000000e+00
   -5.33332421183586120605e+02
    0.00000000000000000000e+00
   -5.33332417368888854980e+02
    0.00000000000000000000e+00
   -5.33332417368888854980e+02
    0.00000000000000000000e+00
   -5.33332419395446777344e+02
    0.00000000000000000000e+00
   -5.33332418918609619141e+02
    0.00000000000000000000e+00
   -5.33332408249378204346e+02
    0.00000000000000000000e+00
   -5.33332418739795684814e+02
    0.00000000000000000000e+00
   -5.33332419335842132568e+02
    0.00000000000000000000e+00
   -5.33332411885261535645e+02
    0.00000000000000000000e+00
   -5.33332415521144866943e+02
    0.00000000000000000000e+00
   -5.33332426428794860840e+02
    0.00000000000000000000e+00
   -5.33332411527633666992e+02
    0.00000000000000000000e+00
   -5.33332415580749511719e+02
    0.00000000000000000000e+00
   -5.33332419037818908691e+02
    0.00000000000000000000e+00
   -5.33332411408424377441e+02
    0.00000000000000000000e+00
   -5.33332419514656066895e+02
    0.00000000000000000000e+00
   -5.33332422733306884766e+02
    0.00000000000000000000e+00
   -5.33332411646842956543e+02
    0.00000000000000000000e+00
   -5.33332414984703063965e+02
    0.00000000000000000000e+00
   -5.33332419514656066895e+02
    0.00000000000000000000e+00
   -5.33332412004470825195e+02
    0.00000000000000000000e+00
   -5.33332422971725463867e+02
    0.00000000000000000000e+00
   -5.33332422733306884766e+02
    0.00000000000000000000e+00
   -5.33332411646842956543e+02
    0.00000000000000000000e+00
   -5.33332418918609619141e+02
    0.00000000000000000000e+00
   -5.33332415342330932617e+02
    0.00000000000000000000e+00
   -5.33332408308982849121e+02
    0.00000000000000000000e+00
   -5.33332423329353332520e+02
    0.00000000000000000000e+00
   -5.33332415103912353516e+02
    0.00000000000000000000e+00
   -5.33332419157028198242e+02
    0.00000000000000000000e+00
   -5.33332411289215087891e+02
    0.00000000000000000000e+00
   -5.33332426548004150391e+02
    0.00000000000000000000e+00
   -5.33332415461540222168e+02
    0.00000000000000000000e+00
   -5.33332411170005798340e+02
    0.00000000000000000000e+00
   -5.33332420229911804199e+02
    0.00000000000000000000e+00
   -5.33332411646842956543e+02
    0.00000000000000000000e+00
   -5.33332415699958801270e+02
    0.00000000000000000000e+00
   -5.33332426548004150391e+02
    0.00000000000000000000e+00
   -5.33332411646842956543e+02
    0.00000000000000000000e+00
   -5.33332419157028198242e+02
    0.00000000000000000000e+00
   -5.33332426786422729492e+02
    0.00000000000000000000e+00
   -5.33332400679588317871e+02
    0.00000000000000000000e+00
   -5.33332423329353332520e+02
    0.00000000000000000000e+00
   -5.33332422018051147461e+02
    0.00000000000000000000e+00
   -5.33332408428192138672e+02
    0.00000000000000000000e+00
   -5.33332418799400329590e+02
    0.00000000000000000000e+00
   -5.33332422852516174316e+02
    0.00000000000000000000e+00
   -5.33332404613494873047e+02
    0.00000000000000000000e+00
   -5.33332423925399780273e+02
    0.00000000000000000000e+00
   -5.33332422494888305664e+02
    0.00000000000000000000e+00
   -5.33332419395446777344e+02
    0.00000000000000000000e+00
   -5.33332407236099243164e+02
    0.00000000000000000000e+00
   -5.33332422971725463867e+02
    0.00000000000000000000e+00
   -5.33332403898239135742e+02
    0.00000000000000000000e+00
   -5.33332423925399780273e+02
    0.00000000000000000000e+00
   -5.33332415342330932617e+02
    0.00000000000000000000e+00
   -5.33332426786422729492e+02
    0.00000000000000000000e+00
   -5.33332407236099243164e+02
    0.00000000000000000000e+00
   -5.33332418918609619141e+02
    0.00000000000000000000e+00
   -5.33332407712936401367e+02
    0.00000000000000000000e+00
   -5.33332418680191040039e+02
    0.00000000000000000000e+00
   -5.33332428216934204102e+02
    0.00000000000000000000e+00
   -5.33332400083541870117e+02
    0.00000000000000000000e+00
   -5.33332422494888305664e+02
    0.00000000000000000000e+00
   -5.33332423210144042969e+02
    0.00000000000000000000e+00
   -5.33332407236099243164e+02
    0.00000000000000000000e+00
   -5.33332419395446777344e+02
    0.00000000000000000000e+00
   -5.33332426786422729492e+02
    0.00000000000000000000e+00
   -5.33332400798797607422e+02
    0.00000000000000000000e+00
   -5.33332423210144042969e+02
    0.00000000000000000000e+00
   -5.33332422018051147461e+02
    0.00000000000000000000e+00
   -5.33332407951354980469e+02
    0.00000000000000000000e+00
   -5.33332419395446777344e+02
    0.00000000000000000000e+00
   -5.33332426548004150391e+02
    0.00000000000000000000e+00
   -5.33332403659820556641e+02
    0.00000000000000000000e+00
   -5.33332420587539672852e+02
    0.00000000000000000000e+00
   -5.33332411289215087891e+02
    0.00000000000000000000e+00
   -5.33332427024841308594e+02
    0.00000000000000000000e+00
   -5.33332410812377929688e+02
    0.00000000000000000000e+00
   -5.33332426548004150391e+02
    0.00000000000000000000e+00
   -5.33332403421401977539e+02
    0.00000000000000000000e+00
   -5.33332420110702514648e+02
    0.00000000000000000000e+00
   -5.33332427501678466797e+02
    0.00000000000000000000e+00
   -5.33332411527633666992e+02
    0.00000000000000000000e+00
   -5.33332411766052246094e+02
    0.00000000000000000000e+00
   -5.33332426548004150391e+02
    0.00000000000000000000e+00
   -5.33332402467727661133e+02
    0.00000000000000000000e+00
   -5.33332420110702514648e+02
    0.00000000000000000000e+00
   -5.33332427501678466797e+02
    0.00000000000000000000e+00
   -5.33332402944564819336e+02
    0.00000000000000000000e+00
   -5.33332421302795410156e+02
    0.00000000000000000000e+00
   -5.33332425594329833984e+02
    0.00000000000000000000e+00
   -5.33332402706146240234e+02
    0.00000000000000000000e+00
   -5.33332420349121093750e+02
    0.00000000000000000000e+00
   -5.33332427978515625000e+02
    0.00000000000000000000e+00
   -5.33332403182983398438e+02
    0.00000000000000000000e+00
   -5.33332420349121093750e+02
    0.00000000000000000000e+00
   -5.33332425594329833984e+02
    0.00000000000000000000e+00
   -5.33332419395446777344e+02
    0.00000000000000000000e+00
   -5.33332402229309082031e+02
    0.00000000000000000000e+00
   -5.33332428455352783203e+02
    0.00000000000000000000e+00
   -5.33332396030426025391e+02
    0.00000000000000000000e+00
   -5.33332427978515625000e+02
    0.00000000000000000000e+00
   -5.33332411766052246094e+02
    0.00000000000000000000e+00
   -5.33332424163818359375e+02
    0.00000000000000000000e+00
   -5.33332414150238037109e+02
    0.00000000000000000000e+00
   -5.33332425594329833984e+02
    0.00000000000000000000e+00
   -5.33332405567169189453e+02
    0.00000000000000000000e+00
   -5.33332418441772460938e+02
    0.00000000000000000000e+00
   -5.33332426548004150391e+02
    0.00000000000000000000e+00
   -5.33332410812377929688e+02
    0.00000000000000000000e+00
   -5.33332413196563720703e+02
    0.00000000000000000000e+00
   -5.33332425594329833984e+02
    0.00000000000000000000e+00
   -5.33332402706146240234e+02
    0.00000000000000000000e+00
   -5.33332419395446777344e+02
    0.00000000000000000000e+00
   -5.33332428455352783203e+02
    0.00000000000000000000e+00
   -5.33332403659820556641e+02
    0.00000000000000000000e+00
   -5.33332420349121093750e+02
    0.00000000000000000000e+00
   -5.33332427501678466797e+02
    0.00000000000000000000e+00
   -5.33332401275634765625e+02
    0.00000000000000000000e+00
   -5.33332419395446777344e+02
    0.00000000000000000000e+00
   -5.33332427501678466797e+02
    0.00000000000000000000e+00
   -5.33332396030426025391e+02
    0.00000000000000000000e+00
   -5.33332427978515625000e+02
    0.00000000000000000000e+00
   -5.33332426071166992188e+02
    0.00000000000000000000e+00
   -5.33332418918609619141e+02
    0.00000000000000000000e+00
   -5.33332403182983398438e+02
    0.00000000000000000000e+00
   -5.33332427501678466797e+02
    0.00000000000000000000e+00
   -5.33332396507263183594e+02
    0.00000000000000000000e+00
   -5.33332429409027099609e+02
    0.00000000000000000000e+00
   -5.33332425117492675781e+02
    0.00000000000000000000e+00
   -5.33332419395446777344e+02
    0.00000000000000000000e+00
   -5.33332405090332031250e+02
    0.00000000000000000000e+00
   -5.33332425117492675781e+02
    0.00000000000000000000e+00
   -5.33332406997680664062e+02
    0.00000000000000000000e+00
   -5.33332417488098144531e+02
    0.00000000000000000000e+00
   -5.33332425594329833984e+02
    0.00000000000000000000e+00
   -5.33332403659820556641e+02
    0.00000000000000000000e+00
   -5.33332420825958251953e+02
    0.00000000000000000000e+00
   -5.33332426071166992188e+02
    0.00000000000000000000e+00
   -5.33332406997680664062e+02
    0.00000000000000000000e+00
   -5.33332412719726562500e+02
    0.00000000000000000000e+00
   -5.33332429885864257812e+02
    0.00000000000000000000e+00
   -5.33332395553588867188e+02
    0.00000000000000000000e+00
   -5.33332428932189941406e+02
    0.00000000000000000000e+00
   -5.33332424163818359375e+02
    0.00000000000000000000e+00
   -5.33332419395446777344e+02
    0.00000000000000000000e+00
   -5.33332401275634765625e+02
    0.00000000000000000000e+00
   -5.33332428932189941406e+02
    0.00000000000000000000e+00
   -5.33332396507263183594e+02
    0.00000000000000000000e+00
   -5.33332427978515625000e+02
    0.00000000000000000000e+00
   -5.33332425117492675781e+02
    0.00000000000000000000e+00
   -5.33332419395446777344e+02
    0.00000000000000000000e+00
   -5.33332401275634765625e+02
    0.00000000000000000000e+00
   -5.33332430839538574219e+02
