    1.60000000000000000000e+03
    8.00001166666666449601e+02
    8.00001166666665540106e+02
    8.00001166666659401017e+02
    8.00001166666675771921e+02
    8.00001166666670314953e+02
    8.00001166666659401017e+02
    8.00001166666593917398e+02
    8.00001166666812196127e+02
    8.00001166666812196127e+02
    8.00001166666637573144e+02
    8.00001166666550261652e+02
    8.00001166666637573144e+02
    8.00001166667074016914e+02
    8.00001166665677146739e+02
    8.00001166666026392704e+02
    8.00001166667248753583e+02
    8.00001166667248639897e+02
    8.00001166667248867270e+02
    8.00001166667248867270e+02
    8.00001166665502410069e+02
    8.00001166664804031825e+02
    8.00001166667597772175e+02
    8.00001166667597772175e+02
    8.00001166666201129374e+02
    8.00001166663407275337e+02
    8.00001166673185934997e+02
    8.00001166673184911815e+02
    8.00001166663407502710e+02
    8.00001166663406820589e+02
    8.00001166662010518849e+02
    8.00001166662010746222e+02
    8.00001166675978765852e+02
    8.00001166675978765852e+02
    8.00001166662008927233e+02
    8.00001166662006198749e+02
    8.00001166662013929454e+02
    8.00001166662013929454e+02
    8.00001166675981039589e+02
    8.00001166675981039589e+02
    8.00001166664801530715e+02
    8.00001166664795164252e+02
    8.00001166659219961730e+02
    8.00001166659219961730e+02
    8.00001166681568065542e+02
    8.00001166681568065542e+02
    8.00001166659210866783e+02
    8.00001166659209047793e+02
    8.00001166659218142740e+02
    8.00001166659218142740e+02
    8.00001166670394013636e+02
    8.00001166648042271845e+02
    8.00001166692753031384e+02
    8.00001166692756669363e+02
    8.00001166692698461702e+02
    8.00001166692702099681e+02
    8.00001166625726909842e+02
    8.00001166625712357927e+02
    8.00001166681598988362e+02
    8.00001166681598988362e+02
    8.00001166659225418698e+02
    8.00001166659225418698e+02
    8.00001166636866400950e+02
    8.00001166636866400950e+02
    8.00001166703892522492e+02
    8.00001166703979833983e+02
    8.00001166703834314831e+02
    8.00001166703834314831e+02
    8.00001166614514659159e+02
    8.00001166614441899583e+02
    8.00001166681526228786e+02
    8.00001166726229712367e+02
    8.00001166614543762989e+02
    8.00001166614529211074e+02
    8.00001166681642644107e+02
    8.00001166681642644107e+02
    8.00001166703965282068e+02
    8.00001166703877970576e+02
    8.00001166703965282068e+02
    8.00001166703965282068e+02
    8.00001166592031950131e+02
    8.00001166592031950131e+02
    8.00001166726142400876e+02
    8.00001166726142400876e+02
    8.00001166592293884605e+02
    8.00001166592293884605e+02
    8.00001166681584436446e+02
    8.00001166681584436446e+02
    8.00001166726462543011e+02
    8.00001166726462543011e+02
    8.00001166726113297045e+02
    8.00001166726113297045e+02
    8.00001166547415778041e+02
    8.00001166547415778041e+02
    8.00001166726113297045e+02
    8.00001166726113297045e+02
    8.00001166592293884605e+02
    8.00001166592235676944e+02
    8.00001166681526228786e+02
    8.00001166681526228786e+02
    8.00001166726229712367e+02
    8.00001166726229712367e+02
    8.00001166458241641521e+02
    8.00001166458241641521e+02
    8.00001166994450613856e+02
    8.00001166994450613856e+02
    8.00001166547881439328e+02
    8.00001166547765024006e+02
    8.00001166636473499238e+02
    8.00001166636473499238e+02
    8.00001166904112324119e+02
    8.00001166904345154762e+02
    8.00001166370930150151e+02
    8.00001166370930150151e+02
    8.00001166367204859853e+02
    8.00001166367204859853e+02
    8.00001166727393865585e+02
    8.00001166637986898422e+02
    8.00001166815636679530e+02
    8.00001166815636679530e+02
    8.00001166546484455466e+02
    8.00001166546484455466e+02
    8.00001166727393865585e+02
    8.00001166727626696229e+02
    8.00001166726695373654e+02
    8.00001166726695373654e+02
    8.00001166368369013071e+02
    8.00001166368369013071e+02
    8.00001167083624750376e+02
    8.00001167083624750376e+02
    8.00001166546251624823e+02
    8.00001166549511253834e+02
    8.00001166366972029209e+02
    8.00001166366972029209e+02
    8.00001167261507362127e+02
    8.00001167262438684702e+02
    8.00001166549045592546e+02
    8.00001166548579931259e+02
    8.00001166367437690496e+02
    8.00001166367437690496e+02
    8.00001166728325188160e+02
    8.00001166728325188160e+02
    8.00001166543923318386e+02
    8.00001166543923318386e+02
    8.00001166372559964657e+02
    8.00001166372559964657e+02
    8.00001166544854640961e+02
    8.00001166544854640961e+02
    8.00001167083159089088e+02
    8.00001167083159089088e+02
    8.00001166371628642082e+02
    8.00001166371628642082e+02
    8.00001167260110378265e+02
    8.00001167259179055691e+02
    8.00001166370697319508e+02
    8.00001166370697319508e+02
    8.00001166369765996933e+02
    8.00001166369765996933e+02
    8.00001167263835668564e+02
    8.00001167263835668564e+02
    8.00001166545785963535e+02
    8.00001166545785963535e+02
    8.00001166187226772308e+02
    8.00001166186295449734e+02
    8.00001167262904345989e+02
    8.00001167268492281437e+02
    8.00001166537404060364e+02
    8.00001166537404060364e+02
    8.00001166192814707756e+02
    8.00001166192814707756e+02
    8.00001166548579931259e+02
    8.00001166548579931259e+02
    8.00001167258247733116e+02
    8.00001167258247733116e+02
    8.00001166194677352905e+02
    8.00001166194677352905e+02
    8.00001166904345154762e+02
    8.00001166904345154762e+02
    8.00001166911795735359e+02
    8.00001166911795735359e+02
    8.00001166177913546562e+02
    8.00001166177913546562e+02
    8.00001167627051472664e+02
    8.00001167627051472664e+02
    8.00001166192814707756e+02
    8.00001166192814707756e+02
    8.00001166185364127159e+02
    8.00001166185364127159e+02
    8.00001167252659797668e+02
    8.00001167252659797668e+02
    8.00001166554167866707e+02
    8.00001166554167866707e+02
    8.00001166194677352905e+02
    8.00001166194677352905e+02
    8.00001166548579931259e+02
    8.00001166544854640961e+02
    8.00001167256385087967e+02
    8.00001167256385087967e+02
    8.00001166190952062607e+02
    8.00001166190952062607e+02
    8.00001166909933090210e+02
    8.00001166909933090210e+02
    8.00001166902482509613e+02
    8.00001166902482509613e+02
    8.00001167625188827515e+02
    8.00001167625188827515e+02
    8.00001164045184850693e+02
    8.00001164045184850693e+02
    8.00001168359071016312e+02
    8.00001168359071016312e+02
    8.00001167599111795425e+02
    8.00001167599111795425e+02
    8.00001164074987173080e+02
    8.00001164078712463379e+02
    8.00001168314367532730e+02
    8.00001168314367532730e+02
    8.00001168325543403625e+02
    8.00001168325543403625e+02
    8.00001164756715297699e+02
    8.00001164756715297699e+02
    8.00001167599111795425e+02
    8.00001167599111795425e+02
    8.00001167602837085724e+02
    8.00001167610287666321e+02
    8.00001164123415946960e+02
    8.00001164115965366364e+02
    8.00001166902482509613e+02
    8.00001166902482509613e+02
    8.00001166194677352905e+02
    8.00001164048910140991e+02
    8.00001166857779026031e+02
    8.00001166857779026031e+02
    8.00001167632639408112e+02
    8.00001167632639408112e+02
    8.00001166217029094696e+02
    8.00001165501773357391e+02
    8.00001166865229606628e+02
    8.00001166865229606628e+02
    8.00001167647540569305e+02
    8.00001167647540569305e+02
    8.00001166194677352905e+02
    8.00001166194677352905e+02
    8.00001166149973869324e+02
    8.00001166149973869324e+02
    8.00001167669892311096e+02
    8.00001167669892311096e+02
    8.00001166179776191711e+02
    8.00001166179776191711e+02
    8.00001164771616458893e+02
    8.00001164771616458893e+02
    8.00001169048249721527e+02
    8.00001169048249721527e+02
    8.00001167565584182739e+02
    8.00001167573034763336e+02
    8.00001163363456726074e+02
    8.00001163378357887268e+02
    8.00001169025897979736e+02
    8.00001169025897979736e+02
    8.00001167625188827515e+02
    8.00001167654991149902e+02
    8.00001163318753242493e+02
    8.00001163318753242493e+02
    8.00001169100403785706e+02
    8.00001169100403785706e+02
    8.00001167535781860352e+02
    8.00001167520880699158e+02
    8.00001161932945251465e+02
    8.00001161932945251465e+02
    8.00001167654991149902e+02
    8.00001167654991149902e+02
    8.00001170411705970764e+02
    8.00001170411705970764e+02
    8.00001164749264717102e+02
    8.00001164764165878296e+02
    8.00001167669892311096e+02
    8.00001167654991149902e+02
    8.00001163348555564880e+02
    8.00001163363456726074e+02
    8.00001167565584182739e+02
    8.00001167565584182739e+02
    8.00001168996095657349e+02
    8.00001168996095657349e+02
    8.00001164779067039490e+02
    8.00001164779067039490e+02
    8.00001161903142929077e+02
    8.00001161888241767883e+02
    8.00001170367002487183e+02
    8.00001170367002487183e+02
    8.00001167654991149902e+02
    8.00001167654991149902e+02
    8.00001163408160209656e+02
    8.00001163408160209656e+02
    8.00001168936491012573e+02
    8.00001168936491012573e+02
    8.00001163363456726074e+02
    8.00001163363456726074e+02
    8.00001167714595794678e+02
    8.00001167714595794678e+02
    8.00001168936491012573e+02
    8.00001168936491012573e+02
    8.00001163333654403687e+02
    8.00001163333654403687e+02
    8.00001167714595794678e+02
    8.00001167714595794678e+02
    8.00001169115304946899e+02
    8.00001169115304946899e+02
    8.00001168876886367798e+02
    8.00001168906688690186e+02
    8.00001161932945251465e+02
    8.00001161932945251465e+02
    8.00001169085502624512e+02
    8.00001169085502624512e+02
    8.00001168996095657349e+02
    8.00001168996095657349e+02
    8.00001161992549896240e+02
    8.00001161783933639526e+02
    8.00001169025897979736e+02
    8.00001169025897979736e+02
    8.00001167684793472290e+02
    8.00001167684793472290e+02
    8.00001167505979537964e+02
    8.00001167505979537964e+02
    8.00001164823770523071e+02
    8.00001164823770523071e+02
    8.00001167744398117065e+02
    8.00001167714595794678e+02
    8.00001161694526672363e+02
    8.00001161694526672363e+02
    8.00001170456409454346e+02
    8.00001170456409454346e+02
    8.00001167833805084229e+02
    8.00001167833805084229e+02
    8.00001161694526672363e+02
    8.00001161694526672363e+02
    8.00001170367002487183e+02
    8.00001170337200164795e+02
    8.00001167953014373779e+02
    8.00001167953014373779e+02
    8.00001161634922027588e+02
    8.00001161634922027588e+02
    8.00001170396804809570e+02
    8.00001170396804809570e+02
    8.00001162052154541016e+02
    8.00001161992549896240e+02
    8.00001167654991149902e+02
    8.00001167654991149902e+02
    8.00001170337200164795e+02
    8.00001170337200164795e+02
    8.00001165032386779785e+02
    8.00001165032386779785e+02
    8.00001164615154266357e+02
    8.00001164615154266357e+02
    8.00001170337200164795e+02
    8.00001170337200164795e+02
    8.00001164913177490234e+02
    8.00001164853572845459e+02
    8.00001164793968200684e+02
    8.00001164734363555908e+02
    8.00001170694828033447e+02
    8.00001170694828033447e+02
    8.00001167416572570801e+02
    8.00001167416572570801e+02
    8.00001161694526672363e+02
    8.00001161694526672363e+02
    8.00001170814037322998e+02
    8.00001170754432678223e+02
    8.00001170396804809570e+02
    8.00001170396804809570e+02
    8.00001158952713012695e+02
    8.00001158952713012695e+02
    8.00001170635223388672e+02
    8.00001170635223388672e+02
    8.00001170396804809570e+02
    8.00001170396804809570e+02
    8.00001158952713012695e+02
    8.00001158952713012695e+02
    8.00001170337200164795e+02
    8.00001170337200164795e+02
    8.00001167416572570801e+02
    8.00001167416572570801e+02
    8.00001162230968475342e+02
    8.00001162230968475342e+02
    8.00001170337200164795e+02
    8.00001170337200164795e+02
    8.00001167297363281250e+02
    8.00001167297363281250e+02
    8.00001162409782409668e+02
    8.00001162290573120117e+02
    8.00001170277595520020e+02
    8.00001170277595520020e+02
    8.00001162171363830566e+02
    8.00001162171363830566e+02
    8.00001167535781860352e+02
    8.00001167535781860352e+02
    8.00001170277595520020e+02
    8.00001170396804809570e+02
    8.00001162052154541016e+02
    8.00001162052154541016e+02
    8.00001167535781860352e+02
    8.00001167535781860352e+02
    1.06666784214973449707e+03
    1.06666783833503723145e+03
    1.06666783094406127930e+03
    1.06666783094406127930e+03
    1.06666783070564270020e+03
    1.06666783070564270020e+03
    1.06666783833503723145e+03
    1.06666783845424652100e+03
    1.06666782319545745850e+03
    1.06666782319545745850e+03
    1.06666785383224487305e+03
    1.06666785383224487305e+03
    1.06666782295703887939e+03
    1.06666782283782958984e+03
    1.06666781568527221680e+03
    1.06666781580448150635e+03
    1.06666784656047821045e+03
    1.06666784644126892090e+03
    1.06666783869266510010e+03
    1.06666783869266510010e+03
    1.06666782236099243164e+03
    1.06666782236099243164e+03
    1.06666785383224487305e+03
    1.06666785371303558350e+03
    1.06666782295703887939e+03
    1.06666782283782958984e+03
    1.06666781687736511230e+03
    1.06666781687736511230e+03
    1.06666784524917602539e+03
    1.06666784524917602539e+03
    1.06666783845424652100e+03
    1.06666783845424652100e+03
    1.06666782271862030029e+03
    1.06666782271862030029e+03
    1.06666786146163940430e+03
    1.06666786134243011475e+03
    1.06666781628131866455e+03
    1.06666781628131866455e+03
    1.06666782999038696289e+03
    1.06666782999038696289e+03
    1.06666783130168914795e+03
    1.06666783130168914795e+03
    1.06666784489154815674e+03
    1.06666784489154815674e+03
    1.06666782379150390625e+03
    1.06666782379150390625e+03
    1.06666785287857055664e+03
    1.06666785264015197754e+03
    1.06666781735420227051e+03
    1.06666781735420227051e+03
    1.06666782379150390625e+03
    1.06666782379150390625e+03
    1.06666785264015197754e+03
    1.06666785264015197754e+03
    1.06666781640052795410e+03
    1.06666781687736511230e+03
    1.06666781401634216309e+03
    1.06666779136657714844e+03
    1.06666784739494323730e+03
    1.06666784739494323730e+03
    1.06666784501075744629e+03
    1.06666784501075744629e+03
    1.06666782283782958984e+03
    1.06666782283782958984e+03
    1.06666785383224487305e+03
    1.06666785383224487305e+03
    1.06666782355308532715e+03
    1.06666782331466674805e+03
    1.06666780924797058105e+03
    1.06666780924797058105e+03
    1.06666784548759460449e+03
    1.06666784548759460449e+03
    1.06666784548759460449e+03
    1.06666784524917602539e+03
    1.06666782283782958984e+03
    1.06666782259941101074e+03
    1.06666786146163940430e+03
    1.06666786146163940430e+03
    1.06666781640052795410e+03
    1.06666781640052795410e+03
    1.06666781592369079590e+03
    1.06666781592369079590e+03
    1.06666784596443176270e+03
    1.06666784596443176270e+03
    1.06666784548759460449e+03
    1.06666784548759460449e+03
    1.06666781497001647949e+03
    1.06666781497001647949e+03
    1.06666786313056945801e+03
    1.06666786313056945801e+03
    1.06666781520843505859e+03
    1.06666781520843505859e+03
    1.06666783046722412109e+03
    1.06666783046722412109e+03
    1.06666783070564270020e+03
    1.06666783046722412109e+03
    1.06666782236099243164e+03
    1.06666782259941101074e+03
    1.06666782426834106445e+03
    1.06666782307624816895e+03
    1.06666786718368530273e+03
    1.06666786718368530273e+03
    1.06666782498359680176e+03
    1.06666782498359680176e+03
    1.06666782259941101074e+03
    1.06666782259941101074e+03
    1.06666785264015197754e+03
    1.06666785264015197754e+03
    1.06666783785820007324e+03
    1.06666783785820007324e+03
    1.06666779422760009766e+03
    1.06666779422760009766e+03
    1.06666785383224487305e+03
    1.06666785335540771484e+03
    1.06666783809661865234e+03
    1.06666783761978149414e+03
    1.06666782379150390625e+03
    1.06666782379150390625e+03
    1.06666785430908203125e+03
    1.06666785430908203125e+03
    1.06666782188415527344e+03
    1.06666782188415527344e+03
    1.06666780900955200195e+03
    1.06666780900955200195e+03
    1.06666785335540771484e+03
    1.06666785335540771484e+03
    1.06666784000396728516e+03
    1.06666784048080444336e+03
    1.06666782188415527344e+03
    1.06666782188415527344e+03
    1.06666785192489624023e+03
    1.06666786718368530273e+03
    1.06666780805587768555e+03
    1.06666780805587768555e+03
    1.06666780900955200195e+03
    1.06666780900955200195e+03
    1.06666785335540771484e+03
    1.06666785335540771484e+03
    1.06666782426834106445e+03
    1.06666782426834106445e+03
    1.06666783857345581055e+03
    1.06666783857345581055e+03
    1.06666786670684814453e+03
    1.06666786670684814453e+03
    1.06666780662536621094e+03
    1.06666780710220336914e+03
    1.06666783952713012695e+03
    1.06666783952713012695e+03
    1.06666782331466674805e+03
    1.06666782331466674805e+03
    1.06666785478591918945e+03
    1.06666785478591918945e+03
    1.06666779422760009766e+03
    1.06666779375076293945e+03
    1.06666783809661865234e+03
    1.06666783809661865234e+03
    1.06666785573959350586e+03
    1.06666785573959350586e+03
    1.06666781902313232422e+03
    1.06666781902313232422e+03
    1.06666785335540771484e+03
    1.06666785335540771484e+03
    1.06666783714294433594e+03
    1.06666783714294433594e+03
    1.06666779375076293945e+03
    1.06666779375076293945e+03
    1.06666785335540771484e+03
    1.06666786861419677734e+03
    1.06666782331466674805e+03
    1.06666782331466674805e+03
    1.06666779279708862305e+03
    1.06666779279708862305e+03
    1.06666789722442626953e+03
    1.06666789722442626953e+03
    1.06666780710220336914e+03
    1.06666780662536621094e+03
    1.06666781187057495117e+03
    1.06666781187057495117e+03
    1.06666786623001098633e+03
    1.06666786623001098633e+03
    1.06666782474517822266e+03
    1.06666782474517822266e+03
    1.06666780853271484375e+03
    1.06666780853271484375e+03
    1.06666788196563720703e+03
    1.06666788196563720703e+03
    1.06666780376434326172e+03
    1.06666780471801757812e+03
    1.06666780948638916016e+03
    1.06666780948638916016e+03
    1.06666782188415527344e+03
    1.06666782188415527344e+03
    1.06666787147521972656e+03
    1.06666787147521972656e+03
    1.06666780853271484375e+03
    1.06666780853271484375e+03
    1.06666788482666015625e+03
    1.06666788387298583984e+03
    1.06666780471801757812e+03
    1.06666780471801757812e+03
    1.06666783809661865234e+03
    1.06666783809661865234e+03
    1.06666779327392578125e+03
    1.06666779327392578125e+03
    1.06666787052154541016e+03
    1.06666785526275634766e+03
    1.06666782474517822266e+03
    1.06666782379150390625e+03
    1.06666786861419677734e+03
    1.06666786861419677734e+03
    1.06666782474517822266e+03
    1.06666782474517822266e+03
    1.06666778755187988281e+03
    1.06666778755187988281e+03
    1.06666790008544921875e+03
    1.06666790008544921875e+03
    1.06666780948638916016e+03
    1.06666780948638916016e+03
    1.06666780662536621094e+03
    1.06666780662536621094e+03
    1.06666787052154541016e+03
    1.06666787052154541016e+03
    1.06666782283782958984e+03
    1.06666782188415527344e+03
    1.06666779232025146484e+03
    1.06666779327392578125e+03
    1.06666789722442626953e+03
    1.06666789627075195312e+03
    1.06666780757904052734e+03
    1.06666780090332031250e+03
    1.06666781139373779297e+03
    1.06666781139373779297e+03
    1.06666786861419677734e+03
    1.06666786861419677734e+03
    1.06666782283782958984e+03
    1.06666782188415527344e+03
    1.06666779327392578125e+03
    1.06666779327392578125e+03
    1.06666788578033447266e+03
    1.06666788578033447266e+03
    1.06666781806945800781e+03
    1.06666781806945800781e+03
    1.06666785526275634766e+03
    1.06666785526275634766e+03
    1.06666779232025146484e+03
    1.06666779232025146484e+03
    1.06666785621643066406e+03
    1.06666785621643066406e+03
    1.06666779422760009766e+03
    1.06666779422760009766e+03
    1.06666788578033447266e+03
    1.06666788578033447266e+03
    1.06666781902313232422e+03
    1.06666781997680664062e+03
    1.06666778945922851562e+03
    1.06666778945922851562e+03
    1.06666785430908203125e+03
    1.06666785335540771484e+03
    1.06666785240173339844e+03
    1.06666785240173339844e+03
    1.06666779327392578125e+03
    1.06666779327392578125e+03
    1.06666789054870605469e+03
    1.06666788959503173828e+03
    1.06666781902313232422e+03
    1.06666781997680664062e+03
    1.06666778945922851562e+03
    1.06666778945922851562e+03
    1.06666788864135742188e+03
    1.06666788864135742188e+03
    1.06666781520843505859e+03
    1.06666781520843505859e+03
    1.06666779899597167969e+03
    1.06666779708862304688e+03
    1.06666789054870605469e+03
    1.06666789054870605469e+03
    1.06666781997680664062e+03
    1.06666781806945800781e+03
    1.06666778755187988281e+03
    1.06666778755187988281e+03
    1.06666788673400878906e+03
    1.06666788673400878906e+03
    1.06666781806945800781e+03
    1.06666781806945800781e+03
    1.06666779708862304688e+03
    1.06666779899597167969e+03
    1.06666782188415527344e+03
    1.06666782188415527344e+03
    1.06666789054870605469e+03
    1.06666789054870605469e+03
    1.06666778564453125000e+03
    1.06666778564453125000e+03
    1.06666791534423828125e+03
    1.06666791534423828125e+03
    1.06666778755187988281e+03
    1.06666778755187988281e+03
    1.06666785240173339844e+03
    1.06666785240173339844e+03
    1.06666780281066894531e+03
    1.06666780281066894531e+03
    1.06666784286499023438e+03
    1.06666784286499023438e+03
    1.06666779708862304688e+03
    1.06666779708862304688e+03
    1.06666787528991699219e+03
    1.06666787719726562500e+03
    1.06666782569885253906e+03
    1.06666782569885253906e+03
    1.06666779327392578125e+03
    1.06666779327392578125e+03
    1.06666785812377929688e+03
    1.06666785812377929688e+03
    1.06666784858703613281e+03
    1.06666784858703613281e+03
    1.06666779708862304688e+03
    1.06666779708862304688e+03
    1.06666789054870605469e+03
    1.06666789054870605469e+03
    1.06666782379150390625e+03
    1.06666782379150390625e+03
    1.06666778564453125000e+03
    1.06666778564453125000e+03
    1.06666788482666015625e+03
    1.06666788482666015625e+03
    1.06666781806945800781e+03
    1.06666781806945800781e+03
    1.06666779136657714844e+03
    1.06666779136657714844e+03
    1.06666789436340332031e+03
    1.06666789436340332031e+03
    1.06666782188415527344e+03
    1.06666782188415527344e+03
    1.06666778945922851562e+03
    1.06666778945922851562e+03
    1.06666791534423828125e+03
    1.06666791534423828125e+03
    1.06666778755187988281e+03
    1.06666778755187988281e+03
    1.06666779518127441406e+03
    1.06666779518127441406e+03
    1.06666782379150390625e+03
    1.06666782379150390625e+03
    1.06666788673400878906e+03
    1.06666788864135742188e+03
    1.06666778945922851562e+03
    1.06666778945922851562e+03
    1.06666791534423828125e+03
    1.06666791534423828125e+03
    1.06666778373718261719e+03
    1.06666778373718261719e+03
    1.06666780090332031250e+03
    1.06666780090332031250e+03
    1.06666782379150390625e+03
    1.06666782379150390625e+03
    1.06666787719726562500e+03
    1.06666787719726562500e+03
    1.06666779899597167969e+03
    1.06666779899597167969e+03
    1.06666787147521972656e+03
    1.06666787147521972656e+03
    1.06666782951354980469e+03
    1.06666782951354980469e+03
    1.06666779708862304688e+03
    1.06666779708862304688e+03
    1.06666788482666015625e+03
    1.06666788482666015625e+03
    1.06666781806945800781e+03
    1.06666781806945800781e+03
    1.06666779518127441406e+03
    1.06666779518127441406e+03
    1.06666787147521972656e+03
    1.06666787147521972656e+03
    1.06666785049438476562e+03
    1.06666785049438476562e+03
    1.06666778182983398438e+03
    1.06666778182983398438e+03
    1.06666791534423828125e+03
    1.06666791534423828125e+03
    1.06666778564453125000e+03
    1.06666778182983398438e+03
    1.06666780090332031250e+03
    1.06666780090332031250e+03
    1.06666782379150390625e+03
    1.06666782379150390625e+03
    1.06666789627075195312e+03
    1.06666789627075195312e+03
    1.06666778182983398438e+03
    1.06666778182983398438e+03
    1.06666791152954101562e+03
    1.06666791152954101562e+03
    1.06666778945922851562e+03
    1.06666778945922851562e+03
    1.06666780090332031250e+03
    1.06666779708862304688e+03
    1.06666781997680664062e+03
    1.06666781997680664062e+03
    1.06666789627075195312e+03
    1.06666789627075195312e+03
    1.06666777801513671875e+03
    1.06666777801513671875e+03
