    1.00000000000000000000e+00
    3.20000133333333224073e+03
    1.60000266666666630044e+03
    3.20000133333332587426e+03
    1.60000266666666448145e+03
    3.20000133333334770214e+03
    1.60000266666666311721e+03
    3.20000133333304211192e+03
    1.60000266666668494508e+03
    3.20000133333391522683e+03
    1.60000266666667403115e+03
    3.20000133333286748893e+03
    1.60000266666663037540e+03
    3.20000133333286748893e+03
    1.60000266666652123604e+03
    3.20000133333077201314e+03
    1.60000266666669585902e+03
    3.20000133333566145666e+03
    1.60000266666695779350e+03
    3.20000133333566191141e+03
    1.60000266666643392455e+03
    3.20000133332867699210e+03
    1.60000266666643392455e+03
    3.20000133333705844052e+03
    1.60000266666678317051e+03
    3.20000133333147232406e+03
    1.60000266666643392455e+03
    3.20000133335940472534e+03
    1.60000266666748143507e+03
    3.20000133332028963196e+03
    1.60000266666538618665e+03
    3.20000133331471170095e+03
    1.60000266666783090841e+03
    3.20000133337059196492e+03
    1.60000266666783045366e+03
    3.20000133331469805853e+03
    1.60000266666433753926e+03
    3.20000133331470351550e+03
    1.60000266666783090841e+03
    3.20000133337059014593e+03
    1.60000266666852940034e+03
    3.20000133332588302437e+03
    1.60000266666433890350e+03
    3.20000133330353855854e+03
    1.60000266666853167408e+03
    3.20000133339296735357e+03
    1.60000266666852894559e+03
    3.20000133330348762684e+03
    1.60000266666294055540e+03
    3.20000133330356038641e+03
    1.60000266666573861585e+03
    3.20000133325884235092e+03
    1.60000266666853622155e+03
    3.20000133343772904482e+03
    1.60000266667969390255e+03
    3.20000133343742345460e+03
    1.60000266666293464368e+03
    3.20000133316955179907e+03
    1.60000266666013703798e+03
    3.20000133339295280166e+03
    1.60000266666852985509e+03
    3.20000133330351673067e+03
    1.60000266665736307914e+03
    3.20000133321413886733e+03
    1.60000266666853713105e+03
    3.20000133348244708031e+03
    1.60000266668530457537e+03
    3.20000133348227245733e+03
    1.60000266666293464368e+03
    3.20000133312470279634e+03
    1.60000266665733579430e+03
    3.20000133339269086719e+03
    1.60000266666852621711e+03
    3.20000133312499383464e+03
    1.60000266665734670823e+03
    3.20000133339257445186e+03
    1.60000266667971300194e+03
    3.20000133348279632628e+03
    1.60000266668530093739e+03
    3.20000133348198141903e+03
    1.60000266665175149683e+03
    3.20000133303552865982e+03
    1.60000266666294191964e+03
    3.20000133357080630958e+03
    1.60000266666289826389e+03
    3.20000133303552865982e+03
    1.60000266665178060066e+03
    3.20000133339292369783e+03
    1.60000266668536642101e+03
    3.20000133357266895473e+03
    1.60000266669652773999e+03
    3.20000133357173763216e+03
    1.60000266665175149683e+03
    3.20000133285624906421e+03
    1.60000266665167873725e+03
    3.20000133357057347894e+03
    1.60000266664060472976e+03
    3.20000133303645998240e+03
    1.60000266665182425641e+03
    3.20000133339269086719e+03
    1.60000266668535186909e+03
    3.20000133357290178537e+03
    1.60000266662944341078e+03
    3.20000133249815553427e+03
    1.60000266669644042850e+03
    3.20000133464485406876e+03
    1.60000266671899589710e+03
    3.20000133285904303193e+03
    1.60000266662923968397e+03
    3.20000133320875465870e+03
    1.60000266671838471666e+03
    3.20000133428536355495e+03
    1.60000266665231902152e+03
    3.20000133215170353651e+03
    1.60000266658497275785e+03
    3.20000133213400840759e+03
    1.60000266660720808432e+03
    3.20000133357569575310e+03
    1.60000266669649863616e+03
    3.20000133392494171858e+03
    1.60000266667379764840e+03
    3.20000133285578340292e+03
    1.60000266665173694491e+03
    3.20000133357197046280e+03
    1.60000266669638222083e+03
    3.20000133357010781765e+03
    1.60000266660709166899e+03
    3.20000133214239031076e+03
    1.60000266669667325914e+03
    3.20000133500434458256e+03
    1.60000266674137674272e+03
    3.20000133285671472549e+03
    1.60000266656186431646e+03
    3.20000133214332163334e+03
    1.60000266674102749676e+03
    3.20000133571214973927e+03
    1.60000266678468324244e+03
    3.20000133284926414490e+03
    1.60000266656232997775e+03
    3.20000133214890956879e+03
    1.60000266660749912262e+03
    3.20000133357010781765e+03
    1.60000266669597476721e+03
    3.20000133284926414490e+03
    1.60000266656232997775e+03
    3.20000133214890956879e+03
    1.60000266656291205436e+03
    3.20000133285671472549e+03
    1.60000266674160957336e+03
    3.20000133500993251801e+03
    1.60000266669574193656e+03
    3.20000133212283253670e+03
    1.60000266674091108143e+03
    3.20000133572891354561e+03
    1.60000266674207523465e+03
    3.20000133214518427849e+03
    1.60000266651692800224e+03
    3.20000133212655782700e+03
    1.60000266674044542015e+03
    3.20000133569538593292e+03
    1.60000266678538173437e+03
    3.20000133285671472549e+03
    1.60000266651809215546e+03
    3.20000133142992854118e+03
    1.60000266669527627528e+03
    3.20000133569166064262e+03
    1.60000266678398475051e+03
    3.20000133284926414490e+03
    1.60000266651855781674e+03
    3.20000133144855499268e+03
    1.60000266651809215546e+03
    3.20000133284181356430e+03
    1.60000266678631305695e+03
    3.20000133573263883591e+03
    1.60000266669644042850e+03
    3.20000133140385150909e+03
    1.60000266660610213876e+03
    3.20000133428722620010e+03
    1.60000266678771004081e+03
    3.20000133431702852249e+03
    1.60000266660703346133e+03
    3.20000133139640092850e+03
    1.60000266678584739566e+03
    3.20000133717805147171e+03
    1.60000266678724437952e+03
    3.20000133141875267029e+03
    1.60000266642775386572e+03
    3.20000133143365383148e+03
    1.60000266669597476721e+03
    3.20000133571028709412e+03
    1.60000266678351908922e+03
    3.20000133283436298370e+03
    1.60000266651855781674e+03
    3.20000133146345615387e+03
    1.60000266651995480061e+03
    3.20000133284926414490e+03
    1.60000266678724437952e+03
    3.20000133574008941650e+03
    1.60000266669597476721e+03
    3.20000133138895034790e+03
    1.60000266651343554258e+03
    3.20000133423507213593e+03
    1.60000266678817570210e+03
    3.20000133436918258667e+03
    1.60000266696792095900e+03
    3.20000133712589740753e+03
    1.60000266624800860882e+03
    3.20000132285058498383e+03
    1.60000266643334180117e+03
    3.20000134009122848511e+03
    1.60000266732275485992e+03
    3.20000133708119392395e+03
    1.60000266624521464109e+03
    3.20000132291018962860e+03
    1.60000266643334180117e+03
    3.20000134003162384033e+03
    1.60000266749691218138e+03
    3.20000133992731571198e+03
    1.60000266659632325172e+03
    3.20000132562220096588e+03
    1.60000266642495989799e+03
    3.20000133717060089111e+03
    1.60000266714021563530e+03
    3.20000133705139160156e+03
    1.60000266625918447971e+03
    3.20000132307410240173e+03
    1.60000266609154641628e+03
    3.20000133439898490906e+03
    1.60000266661867499352e+03
    3.20000132295489311218e+03
    1.60000266605615615845e+03
    3.20000133395195007324e+03
    1.60000266697444021702e+03
    3.20000133723020553589e+03
    1.60000266679376363754e+03
    3.20000132861733436584e+03
    1.60000266642309725285e+03
    3.20000133416056632996e+03
    1.60000266695581376553e+03
    3.20000133717060089111e+03
    1.60000266678631305695e+03
    3.20000133141875267029e+03
    1.60000266642682254314e+03
    3.20000133141875267029e+03
    1.60000266678445041180e+03
    3.20000133711099624634e+03
    1.60000266678631305695e+03
    3.20000133144855499268e+03
    1.60000266606733202934e+03
    3.20000132560729980469e+03
    1.60000266678258776665e+03
    3.20000134292244911194e+03
    1.60000266750715672970e+03
    3.20000133720040321350e+03
    1.60000266607291996479e+03
    3.20000132000446319580e+03
    1.60000266642495989799e+03
    3.20000134277343750000e+03
    1.60000266750529408455e+03
    3.20000133728981018066e+03
    1.60000266607478260994e+03
    3.20000131988525390625e+03
    1.60000266642868518829e+03
    3.20000134313106536865e+03
    1.60000266751274466515e+03
    3.20000133705139160156e+03
    1.60000266607478260994e+03
    3.20000131440162658691e+03
    1.60000266571342945099e+03
    3.20000133699178695679e+03
    1.60000266784802079201e+03
    3.20000134843587875366e+03
    1.60000266715511679649e+03
    3.20000132608413696289e+03
    1.60000266641378402710e+03
    3.20000133651494979858e+03
    1.60000266602635383606e+03
    3.20000131988525390625e+03
    1.60000266608595848083e+03
    3.20000133752822875977e+03
    1.60000266715139150620e+03
    3.20000134259462356567e+03
    1.60000266678258776665e+03
    3.20000132596492767334e+03
    1.60000266537070274353e+03
    3.20000131428241729736e+03
    1.60000266641378402710e+03
    3.20000134837627410889e+03
    1.60000266786292195320e+03
    3.20000133746862411499e+03
    1.60000266608595848083e+03
    3.20000131994485855103e+03
    1.60000266641005873680e+03
    3.20000134265422821045e+03
    1.60000266642868518829e+03
    3.20000132012367248535e+03
    1.60000266608595848083e+03
    3.20000133717060089111e+03
    1.60000266751646995544e+03
    3.20000134301185607910e+03
    1.60000266642868518829e+03
    3.20000131976604461670e+03
    1.60000266603380441666e+03
    3.20000133669376373291e+03
    1.60000266750901937485e+03
    3.20000134336948394775e+03
    1.60000266788154840469e+03
    3.20000134277343750000e+03
    1.60000266604125499725e+03
    3.20000131392478942871e+03
    1.60000266607850790024e+03
    3.20000134336948394775e+03
    1.60000266788154840469e+03
    3.20000134277343750000e+03
    1.60000266604125499725e+03
    3.20000131380558013916e+03
    1.60000266607850790024e+03
    3.20000134336948394775e+03
    1.60000266781449317932e+03
    3.20000133669376373291e+03
    1.60000266715884208679e+03
    3.20000133776664733887e+03
    1.60000266642868518829e+03
    3.20000132548809051514e+03
    1.60000266636908054352e+03
    3.20000133645534515381e+03
    1.60000266572088003159e+03
    3.20000131511688232422e+03
    1.60000266644358634949e+03
    3.20000134873390197754e+03
    1.60000266780704259872e+03
    3.20000133764743804932e+03
    1.60000266579538583755e+03
    3.20000131499767303467e+03
    1.60000266641378402710e+03
    3.20000134754180908203e+03
    1.60000266780704259872e+03
    3.20000133728981018066e+03
    1.60000266575813293457e+03
    3.20000131464004516602e+03
    1.60000266641378402710e+03
    3.20000134778022766113e+03
    1.60000266639888286591e+03
    3.20000131464004516602e+03
    1.60000266572833061218e+03
    3.20000133705139160156e+03
    1.60000266788899898529e+03
    3.20000134921073913574e+03
    1.60000266711413860321e+03
    3.20000132465362548828e+03
    1.60000266566872596741e+03
    3.20000132608413696289e+03
    1.60000266720354557037e+03
    3.20000134897232055664e+03
    1.60000266714394092560e+03
    3.20000132513046264648e+03
    1.60000266568362712860e+03
    3.20000132560729980469e+03
    1.60000266720354557037e+03
    3.20000134968757629395e+03
    1.60000266785919666290e+03
    3.20000133609771728516e+03
    1.60000266565382480621e+03
    3.20000131416320800781e+03
    1.60000266645848751068e+03
    3.20000134921073913574e+03
    1.60000266863405704498e+03
    3.20000134897232055664e+03
    1.60000266571342945099e+03
    3.20000130248069763184e+03
    1.60000266569852828979e+03
    3.20000134873390197754e+03
    1.60000266860425472260e+03
    3.20000134897232055664e+03
    1.60000266572833061218e+03
    3.20000130248069763184e+03
    1.60000266562402248383e+03
    3.20000134730339050293e+03
    1.60000266784429550171e+03
    3.20000133800506591797e+03
    1.60000266578793525696e+03
    3.20000131464004516602e+03
    1.60000266638398170471e+03
    3.20000134730339050293e+03
    1.60000266785919666290e+03
    3.20000133848190307617e+03
    1.60000266578793525696e+03
    3.20000131416320800781e+03
    1.60000266632437705994e+03
    3.20000134706497192383e+03
    1.60000266641378402710e+03
    3.20000131607055664062e+03
    1.60000266581773757935e+03
    3.20000133705139160156e+03
    1.60000266790390014648e+03
    3.20000134897232055664e+03
    1.60000266629457473755e+03
    3.20000131130218505859e+03
    1.60000266563892364502e+03
    3.20000133848190307617e+03
    1.86666933593153953552e+03
    4.26666805171966552734e+03
    2.13333600053191184998e+03
    4.26666798734664916992e+03
    2.13333599868416786194e+03
    4.26666799116134643555e+03
    2.13333600080013275146e+03
    4.26666802120208740234e+03
    2.13333599871397018433e+03
    4.26666795825958251953e+03
    2.13333600249886512756e+03
    4.26666808223724365234e+03
    2.13333600246906280518e+03
    4.26666795778274536133e+03
    2.13333599302172660828e+03
    4.26666793060302734375e+03
    2.13333599880337715149e+03
    4.26666805028915405273e+03
    2.13333600461483001709e+03
    4.26666802310943603516e+03
    2.13333599859476089478e+03
    4.26666795444488525391e+03
    2.13333600240945816040e+03
    4.26666808366775512695e+03
    2.13333600258827209473e+03
    4.26666795969009399414e+03
    2.13333599314093589783e+03
    4.26666793060302734375e+03
    2.13333599880337715149e+03
    4.26666805028915405273e+03
    2.13333600449562072754e+03
    4.26666802167892456055e+03
    2.13333599889278411865e+03
    4.26666796016693115234e+03
    2.13333600428700447083e+03
    4.26666810846328735352e+03
    2.13333600232005119324e+03
    4.26666792869567871094e+03
    2.13333599475026130676e+03
    4.26666798686981201172e+03
    2.13333599880337715149e+03
    4.26666799402236938477e+03
    2.13333600258827209473e+03
    4.26666804790496826172e+03
    2.13333600080013275146e+03
    4.26666796398162841797e+03
    2.13333600234985351562e+03
    4.26666807365417480469e+03
    2.13333600038290023804e+03
    4.26666793251037597656e+03
    2.13333599346876144409e+03
    4.26666796302795410156e+03
    2.13333600264787673950e+03
    4.26666807937622070312e+03
    2.13333600085973739624e+03
    4.26666793346405029297e+03
    2.13333599138259887695e+03
    4.26666792678833007812e+03
    2.13333599323034286499e+03
    4.26666805648803710938e+03
    2.13333600622415542603e+03
    4.26666804409027099609e+03
    2.13333599996566772461e+03
    4.26666795539855957031e+03
    2.13333600264787673950e+03
    4.26666808223724365234e+03
    2.13333600270748138428e+03
    4.26666796207427978516e+03
    2.13333599120378494263e+03
    4.26666789722442626953e+03
    2.13333599692583084106e+03
    4.26666805362701416016e+03
    2.13333600646257400513e+03
    4.26666805076599121094e+03
    2.13333600038290023804e+03
    4.26666795539855957031e+03
    2.13333600425720214844e+03
    4.26666811180114746094e+03
    2.13333600258827209473e+03
    4.26666792869567871094e+03
    2.13333599108457565308e+03
    4.26666792869567871094e+03
    2.13333599871397018433e+03
    4.26666804981231689453e+03
    2.13333600658178329468e+03
    4.26666805458068847656e+03
    2.13333599871397018433e+03
    4.26666792488098144531e+03
    2.13333600217103958130e+03
    4.26666810989379882812e+03
    2.13333600246906280518e+03
    4.26666792964935302734e+03
    2.13333599507808685303e+03
    4.26666799163818359375e+03
    2.13333599877357482910e+03
    4.26666798877716064453e+03
    2.13333599698543548584e+03
    4.26666796302795410156e+03
    2.13333599472045898438e+03
    4.26666795253753662109e+03
    2.13333600610494613647e+03
    4.26666814422607421875e+03
    2.13333600646257400513e+03
    4.26666795921325683594e+03
    2.13333599489927291870e+03
    4.26666796016693115234e+03
    2.13333600264787673950e+03
    4.26666808223724365234e+03
    2.13333600634336471558e+03
    4.26666801929473876953e+03
    2.13333599114418029785e+03
    4.26666783714294433594e+03
    2.13333599460124969482e+03
    4.26666807556152343750e+03
    2.13333600616455078125e+03
    4.26666802406311035156e+03
    2.13333599901199340820e+03
    4.26666796112060546875e+03
    2.13333600282669067383e+03
    4.26666808509826660156e+03
    2.13333600234985351562e+03
    4.26666795349121093750e+03
    2.13333599090576171875e+03
    4.26666789627075195312e+03
    2.13333599948883056641e+03
    4.26666809082031250000e+03
    2.13333600687980651855e+03
    4.26666801834106445312e+03
    2.13333599817752838135e+03
    4.26666795158386230469e+03
    2.13333600234985351562e+03
    4.26666808509826660156e+03
    2.13333600234985351562e+03
    4.26666789054870605469e+03
    2.13333598756790161133e+03
    4.26666791152954101562e+03
    2.13333599913120269775e+03
    4.26666807556152343750e+03
    2.13333600223064422607e+03
    4.26666796112060546875e+03
    2.13333599841594696045e+03
    4.26666801261901855469e+03
    2.13333600986003875732e+03
    4.26666814422607421875e+03
    2.13333600282669067383e+03
    4.26666790008544921875e+03
    2.13333599567413330078e+03
    4.26666802787780761719e+03
    2.13333599865436553955e+03
    4.26666795158386230469e+03
    2.13333600127696990967e+03
    4.26666806983947753906e+03
    2.13333599472045898438e+03
    4.26666784477233886719e+03
    2.13333599090576171875e+03
    4.26666800880432128906e+03
    2.13333600652217864990e+03
    4.26666809654235839844e+03
    2.13333600330352783203e+03
    4.26666795539855957031e+03
    2.13333600234985351562e+03
    4.26666808128356933594e+03
    2.13333600580692291260e+03
    4.26666801071166992188e+03
    2.13333599042892456055e+03
    4.26666783523559570312e+03
    2.13333599543571472168e+03
    4.26666809082031250000e+03
    2.13333600735664367676e+03
    4.26666796493530273438e+03
    2.13333598732948303223e+03
    4.26666783142089843750e+03
    2.13333600604534149170e+03
    4.26666826629638671875e+03
    2.13333600974082946777e+03
    4.26666789054870605469e+03
    2.13333598661422729492e+03
    4.26666789436340332031e+03
    2.13333600318431854248e+03
    4.26666815376281738281e+03
    2.13333600723743438721e+03
    4.26666796302795410156e+03
    2.13333599102497100830e+03
    4.26666789436340332031e+03
    2.13333600604534149170e+03
    4.26666820335388183594e+03
    2.13333600592613220215e+03
    4.26666788864135742188e+03
    2.13333598756790161133e+03
    4.26666791152954101562e+03
    2.13333599138259887695e+03
    4.26666795349121093750e+03
    2.13333600640296936035e+03
    4.26666814804077148438e+03
    2.13333600258827209473e+03
    4.26666789245605468750e+03
    2.13333600616455078125e+03
    4.26666820144653320312e+03
    2.13333600664138793945e+03
    4.26666790390014648438e+03
    2.13333599472045898438e+03
    4.26666801452636718750e+03
    2.13333599066734313965e+03
    4.26666783905029296875e+03
    2.13333599829673767090e+03
    4.26666813659667968750e+03
    2.13333600163459777832e+03
    4.26666795730590820312e+03
    2.13333600616455078125e+03
    4.26666814041137695312e+03
    2.13333600735664367676e+03
    4.26666797637939453125e+03
    2.13333598804473876953e+03
    4.26666783142089843750e+03
    2.13333600616455078125e+03
    4.26666826629638671875e+03
    2.13333600974082946777e+03
    4.26666788864135742188e+03
    2.13333598661422729492e+03
    4.26666789627075195312e+03
    2.13333600282669067383e+03
    4.26666815185546875000e+03
    2.13333600735664367676e+03
    4.26666796493530273438e+03
    2.13333598732948303223e+03
    4.26666783523559570312e+03
    2.13333600616455078125e+03
    4.26666826629638671875e+03
    2.13333600997924804688e+03
    4.26666789245605468750e+03
    2.13333598637580871582e+03
    4.26666789245605468750e+03
    2.13333600282669067383e+03
    4.26666815567016601562e+03
    2.13333600735664367676e+03
    4.26666796493530273438e+03
    2.13333598732948303223e+03
    4.26666783142089843750e+03
    2.13333600163459777832e+03
    4.26666819763183593750e+03
    2.13333600950241088867e+03
    4.26666795730590820312e+03
    2.13333600378036499023e+03
    4.26666810226440429688e+03
    2.13333599543571472168e+03
    4.26666783523559570312e+03
    2.13333599448204040527e+03
    4.26666807556152343750e+03
    2.13333599424362182617e+03
    4.26666783523559570312e+03
    2.13333600115776062012e+03
    4.26666818618774414062e+03
    2.13333601188659667969e+03
    4.26666800308227539062e+03
    2.13333598899841308594e+03
    4.26666781997680664062e+03
    2.13333599710464477539e+03
    4.26666810607910156250e+03
    2.13333601045608520508e+03
    4.26666803741455078125e+03
    2.13333599495887756348e+03
    4.26666785812377929688e+03
    2.13333600354194641113e+03
    4.26666820144653320312e+03
    2.13333601117134094238e+03
    4.26666798019409179688e+03
    2.13333598875999450684e+03
    4.26666784286499023438e+03
    2.13333600091934204102e+03
    4.26666817092895507812e+03
    2.13333600807189941406e+03
    4.26666796112060546875e+03
    2.13333598804473876953e+03
    4.26666785430908203125e+03
    2.13333600282669067383e+03
    4.26666820526123046875e+03
    2.13333601093292236328e+03
    4.26666798400878906250e+03
    2.13333598804473876953e+03
    4.26666783142089843750e+03
    2.13333600139617919922e+03
    4.26666819000244140625e+03
    2.13333600854873657227e+03
    4.26666794586181640625e+03
    2.13333598756790161133e+03
    4.26666784667968750000e+03
    2.13333598804473876953e+03
    4.26666795349121093750e+03
    2.13333601093292236328e+03
    4.26666821289062500000e+03
    2.13333600234985351562e+03
    4.26666782379150390625e+03
    2.13333601140975952148e+03
    4.26666835021972656250e+03
    2.13333601140975952148e+03
    4.26666783142089843750e+03
    2.13333599328994750977e+03
    4.26666806793212890625e+03
    2.13333599281311035156e+03
    4.26666782379150390625e+03
    2.13333599424362182617e+03
    4.26666808319091796875e+03
    2.13333599567413330078e+03
    4.26666784667968750000e+03
    2.13333600330352783203e+03
    4.26666820526123046875e+03
    2.13333601093292236328e+03
    4.26666798400878906250e+03
    2.13333598804473876953e+03
    4.26666783142089843750e+03
    2.13333599376678466797e+03
    4.26666806793212890625e+03
    2.13333600854873657227e+03
    4.26666806793212890625e+03
    2.13333599472045898438e+03
    4.26666784667968750000e+03
    2.13333600330352783203e+03
    4.26666819763183593750e+03
    2.13333601236343383789e+03
    4.26666799163818359375e+03
    2.13333598899841308594e+03
    4.26666783142089843750e+03
    2.13333600044250488281e+03
    4.26666817474365234375e+03
    2.13333600807189941406e+03
    4.26666794586181640625e+03
    2.13333598709106445312e+03
    4.26666784667968750000e+03
    2.13333600234985351562e+03
    4.26666819000244140625e+03
    2.13333601140975952148e+03
    4.26666799163818359375e+03
    2.13333598995208740234e+03
    4.26666784667968750000e+03
    2.13333601093292236328e+03
    4.26666832733154296875e+03
    2.13333601140975952148e+03
    4.26666785430908203125e+03
    2.13333597898483276367e+03
    4.26666780853271484375e+03
    2.13333598423004150391e+03
    4.26666793823242187500e+03
    2.13333601045608520508e+03
    4.26666822814941406250e+03
    2.13333600425720214844e+03
    4.26666784667968750000e+03
    2.13333601093292236328e+03
    4.26666832733154296875e+03
    2.13333601093292236328e+03
    4.26666784667968750000e+03
    2.13333597898483276367e+03
    4.26666782379150390625e+03
    2.13333598470687866211e+03
    4.26666793060302734375e+03
    2.13333600759506225586e+03
    4.26666819000244140625e+03
    2.13333600282669067383e+03
    4.26666784667968750000e+03
    2.13333600425720214844e+03
    4.26666822052001953125e+03
    2.13333601140975952148e+03
    4.26666796875000000000e+03
    2.13333598804473876953e+03
    4.26666784667968750000e+03
    2.13333600139617919922e+03
    4.26666818237304687500e+03
    2.13333600759506225586e+03
    4.26666796875000000000e+03
    2.13333599042892456055e+03
    4.26666786956787109375e+03
    2.13333600521087646484e+03
    4.26666821289062500000e+03
    2.13333601236343383789e+03
    4.26666798400878906250e+03
    2.13333598709106445312e+03
    4.26666781616210937500e+03
    2.13333600902557373047e+03
    4.26666833496093750000e+03
    2.13333600711822509766e+03
    4.26666778564453125000e+03
    2.13333597946166992188e+03
    4.26666789245605468750e+03
    2.13333599090576171875e+03
    4.26666795349121093750e+03
    2.13333601093292236328e+03
    4.26666822814941406250e+03
    2.13333600234985351562e+03
    4.26666780090332031250e+03
    2.13333600902557373047e+03
    4.26666831970214843750e+03
    2.13333601093292236328e+03
    4.26666786193847656250e+03
    2.13333598041534423828e+03
    4.26666783142089843750e+03
    2.13333598136901855469e+03
    4.26666790771484375000e+03
    2.13333601093292236328e+03
    4.26666828918457031250e+03
    2.13333600521087646484e+03
    4.26666780090332031250e+03
    1.00000000000000000000e+00
