    0.00000000000000000000e+00
    2.08333437708646311505e-06
    8.33333750834585246020e-06
    6.25000313125937918075e-06
    1.66666750166917083085e-05
    1.04166718854323087990e-05
    2.50000125250375167230e-05
    1.45833406396052316410e-05
    3.33333500333834166171e-05
    1.87500093937781494007e-05
    4.16666875417292351959e-05
    2.29166781479510281970e-05
    5.00000250500751079849e-05
    2.70833469021240086372e-05
    5.83333625584209265638e-05
    3.12500156562968908216e-05
    6.66667000667667112614e-05
    3.54166844104698610974e-05
    7.50000375751125976029e-05
    3.95833531646427771631e-05
    8.33333750834584161818e-05
    4.37500219188157271101e-05
    9.16667125918041127879e-05
    4.79166906729886906097e-05
    1.00000050100150243075e-04
    5.20833594271616134516e-05
    1.08333387608496048101e-04
    5.62500281813345498461e-05
    1.16666725116841988653e-04
    6.04166969355073642679e-05
    1.25000062625187563286e-04
    6.45833656896803616487e-05
    1.33333400133533639363e-04
    6.87500344438531963993e-05
    1.41666737641879444390e-04
    7.29167031980261531226e-05
    1.50000075150225140996e-04
    7.70833719521990014256e-05
    1.58333412658571108652e-04
    8.12500407063719988065e-05
    1.66666750166916940784e-04
    8.54167094605448064520e-05
    1.75000087675262881335e-04
    8.95833782147178851480e-05
    1.83333425183608550836e-04
    9.37500469688907741087e-05
    1.91666762691954762439e-04
    9.79167157230638799097e-05
    2.00000100200300540360e-04
    1.02083384477236660450e-04
    2.08333437708646453806e-04
    1.06250053231409617173e-04
    2.16666775216991960677e-04
    1.10416721985582519687e-04
    2.25000112725338199384e-04
    1.14583390739755422200e-04
    2.33333450233684139936e-04
    1.18750059493928378923e-04
    2.41666787742029457071e-04
    1.22916728248101376304e-04
    2.50000125250375614464e-04
    1.27083397002274156844e-04
    2.58333462758721446595e-04
    1.31250065756447045805e-04
    2.66666800267067007676e-04
    1.35416734510620151606e-04
    2.75000137775412785597e-04
    1.39583403264793230302e-04
    2.83333475283759105619e-04
    1.43750072018965956632e-04
    2.91666812792104612490e-04
    1.47916740773138737173e-04
    3.00000150300450065151e-04
    1.52083409527311653239e-04
    3.08333487808796493593e-04
    1.56250078281484352464e-04
    3.16666825317142650986e-04
    1.60416747035657756421e-04
    3.25000162825487995226e-04
    1.64583415789830591171e-04
    3.33333500333834044198e-04
    1.68750084544003588552e-04
    3.41666837842179225808e-04
    1.72916753298176423303e-04
    3.50000175350525925301e-04
    1.77083422052349447788e-04
    3.58333512858871486382e-04
    1.81250090806522228329e-04
    3.66666850367217752194e-04
    1.85416759560695279920e-04
    3.75000187875563096435e-04
    1.89583428314867979145e-04
    3.83333525383909416457e-04
    1.93750097069041247577e-04
    3.91666862892255519639e-04
    1.97916765823213865487e-04
    4.00000200400600267568e-04
    2.02083434577386618922e-04
    4.08333537908946696011e-04
    2.06250103331559968669e-04
    4.16666875417293070243e-04
    2.10416772085733020260e-04
    4.25000212925638468694e-04
    2.14583440839905665275e-04
    4.33333550433984734506e-04
    2.18750109594078581340e-04
    4.41666887942330078747e-04
    2.22916778348251551616e-04
    4.50000225450675748248e-04
    2.27083447102424359262e-04
    4.58333562959021688799e-04
    2.31250115856597437958e-04
    4.66666900467367846191e-04
    2.35416784610769920343e-04
    4.75000237975713515692e-04
    2.39583453364942999039e-04
    4.83333575484058859933e-04
    2.43750122119116457205e-04
    4.91666912992405505216e-04
    2.47916790873289048010e-04
    5.00000250500751228927e-04
    2.52083459627461693026e-04
    5.08333588009096627378e-04
    2.56250128381634500671e-04
    5.16666925517443218450e-04
    2.60416797135807633577e-04
    5.25000263025788183220e-04
    2.64583465889980874904e-04
    5.33333600534134123772e-04
    2.68750134644153845179e-04
    5.41666938042480606424e-04
    2.72916803398326381774e-04
    5.50000275550826980657e-04
    2.77083472152499352050e-04
    5.58333613059172921209e-04
    2.81250140906672159696e-04
    5.66666950567517669138e-04
    2.85416809660845455232e-04
    5.75000288075863826530e-04
    2.89583478415018262878e-04
    5.83333625584209224980e-04
    2.93750147169191775254e-04
    5.91666963092554840271e-04
    2.97916815923364582900e-04
    6.00000300600900997663e-04
    3.02083484677537282125e-04
    6.08333638109246612954e-04
    3.06250153431710035561e-04
    6.16666975617593420868e-04
    3.10416822185883439517e-04
    6.25000313125937409856e-04
    3.14583490940055976112e-04
    6.33333650634284543030e-04
    3.18750159694228133236e-04
    6.41666988142631025682e-04
    3.22916828448401754034e-04
    6.50000325650976749393e-04
    3.27083497202574778519e-04
    6.58333663159322364684e-04
    3.31250165956746935644e-04
    6.66667000667668738917e-04
    3.35416834710921044332e-04
    6.75000338176014354208e-04
    3.39583503465093201456e-04
    6.83333675684359861079e-04
    3.43750172219266063312e-04
    6.91667013192705259529e-04
    3.47916840973438762537e-04
    7.00000350701051416921e-04
    3.52083509727612220704e-04
    7.08333688209397791154e-04
    3.56250178481785082559e-04
    7.16667025717741671721e-04
    3.60416847235957944415e-04
    7.25000363226088913315e-04
    3.64583515990131077321e-04
    7.33333700734434962287e-04
    3.68750184744303939176e-04
    7.41667038242781119679e-04
    3.72916853498477397343e-04
    7.50000375751126518130e-04
    3.77083522252649771308e-04
    7.58333713259471916580e-04
    3.81250191006823012634e-04
    7.66667050767817748712e-04
    3.85416859760995874490e-04
    7.75000388276164990306e-04
    3.89583528515168627925e-04
    7.83333725784509955076e-04
    3.93750197269342302932e-04
    7.91667063292855678787e-04
    3.97916866023514731107e-04
    8.00000400801202053019e-04
    4.02083534777687538753e-04
    8.08333738309546475688e-04
    4.06250203531860454818e-04
    8.16667075817893934123e-04
    4.10416872286033533514e-04
    8.25000413326239874674e-04
    4.14583541040205853269e-04
    8.33333750834585706806e-04
    4.18750209794379745117e-04
    8.41667088342932081038e-04
    4.22916878548552281711e-04
    8.50000425851276503707e-04
    4.27083547302725306197e-04
    8.58333763359622661099e-04
    4.31250216056897951213e-04
    8.66667100867969035331e-04
    4.35416884811070270967e-04
    8.75000438376314325362e-04
    4.39583553565243783344e-04
    8.83333775884661133275e-04
    4.43750222319416645200e-04
    8.91667113393006206465e-04
    4.47916891073588964954e-04
    9.00000450901352905958e-04
    4.52083559827762477331e-04
    9.08333788409697437047e-04
    4.56250228581935556027e-04
    9.16667125918042835497e-04
    4.60416897336107550521e-04
    9.25000463426389751831e-04
    4.64583566090281117108e-04
    9.33333800934734933441e-04
    4.68750234844454521065e-04
    9.41667138443079681370e-04
    4.72916903598627111870e-04
    9.50000475951426706124e-04
    4.77083572352800027935e-04
    9.58333813459771237213e-04
    4.81250241106973215052e-04
    9.66667150968119563009e-04
    4.85416909861145751647e-04
    9.75000488476465828822e-04
    4.89583578615318450872e-04
    9.83333825984810576751e-04
    4.93750247369491909039e-04
    9.91667163493156192042e-04
    4.97916916123664174583e-04
    1.00000050100150267469e-03
    5.02083584877839150633e-04
    1.00833383850984677210e-03
    5.06250253632009789874e-04
    1.01666717601819260423e-03
    5.10416922386183139621e-04
    1.02500051352653800268e-03
    5.14583591140356814628e-04
    1.03333385103488491902e-03
    5.18750259894529622273e-04
    1.04166718854323053431e-03
    5.22916928648701562557e-04
    1.05000052605157788432e-03
    5.27083597402875129144e-04
    1.05833386355992349961e-03
    5.31250266157048262050e-04
    1.06666720106826976543e-03
    5.35416934911221503376e-04
    1.07500053857661538072e-03
    5.39583603665394744703e-04
    1.08333387608495882760e-03
    5.43750272419567552348e-04
    1.09166721359330552710e-03
    5.47916941173739058951e-04
    1.10000055110165374447e-03
    5.52083609927913276059e-04
    1.10833388860999740820e-03
    5.56250278682086625806e-04
    1.11666722611834454137e-03
    5.60416947436258566090e-04
    1.12500056362668863878e-03
    5.64583616190431373735e-04
    1.13333390113503338671e-03
    5.68750284944604289801e-04
    1.14166723864338182093e-03
    5.72916953698778290069e-04
    1.15000057615172743622e-03
    5.77083622452950555613e-04
    1.15833391366007240099e-03
    5.81250291207123146418e-04
    1.16666725116841693208e-03
    5.85416959961295845644e-04
    1.17500058867676710102e-03
    5.89583628715469629071e-04
    1.18333392618511076474e-03
    5.93750297469641569355e-04
    1.19166726369345833160e-03
    5.97916966223814485420e-04
    1.20000060120180264585e-03
    6.02083634977987726747e-04
    1.20833393871014912850e-03
    6.06250303732160642813e-04
    1.21666727621849344275e-03
    6.10416972486333450458e-04
    1.22500061372684014224e-03
    6.14583641240506474944e-04
    1.23333395123518467333e-03
    6.18750309994679499430e-04
    1.24166728874353375807e-03
    6.22916978748853066017e-04
    1.25000062625187785548e-03
    6.27083647503024681040e-04
    1.25833396376022390445e-03
    6.31250316257197705526e-04
    1.26666730126856973658e-03
    6.35416985011370730012e-04
    1.27500063877691253295e-03
    6.39583653765544838700e-04
    1.28333397628525901560e-03
    6.43750322519716345303e-04
    1.29166731379360701613e-03
    6.47916991273889369789e-04
    1.30000065130195046302e-03
    6.52083660028062285854e-04
    1.30833398881029911408e-03
    6.56250328782236719803e-04
    1.31666732631864451253e-03
    6.60416997536408551667e-04
    1.32500066382698774257e-03
    6.64583666290581792993e-04
    1.33333400133533357471e-03
    6.68750335044754600639e-04
    1.34166733884368417733e-03
    6.72917003798927625124e-04
    1.35000067635202805789e-03
    6.77083672553101300132e-04
    1.35833401386037280582e-03
    6.81250341307273890937e-04
    1.36666735136871907164e-03
    6.85417010061445614380e-04
    1.37500068887706208484e-03
    6.89583678815619723068e-04
    1.38333402638541182010e-03
    6.93750347569792097033e-04
    1.39166736389375505015e-03
    6.97917016323965121519e-04
    1.40000070140210283384e-03
    7.02083685078138254425e-04
    1.40833403891044888281e-03
    7.06250353832311604171e-04
    1.41666737641879449811e-03
    7.10417022586484520237e-04
    1.42500071392714033024e-03
    7.14583691340655918420e-04
    1.43333405143548507817e-03
    7.18750360094830786049e-04
    1.44166738894383177766e-03
    7.22917028849003485275e-04
    1.45000072645217760979e-03
    7.27083697603175533979e-04
    1.45833406396052430928e-03
    7.31250366357348775305e-04
    1.46666740146887079194e-03
    7.35417035111521040849e-04
    1.47500073897721575671e-03
    7.39583703865694173755e-04
    1.48333407648556310672e-03
    7.43750372619866981401e-04
    1.49166741399390958937e-03
    7.47917041374039680626e-04
    1.50000075150225368678e-03
    7.52083710128213030373e-04
    1.50833408901059908523e-03
    7.56250378882386380119e-04
    1.51666742651894144792e-03
    7.60417047636559838286e-04
    1.52500076402729205054e-03
    7.64583716390730585948e-04
    1.53333410153563528058e-03
    7.68750385144903827274e-04
    1.54166743904398349796e-03
    7.72917053899078044382e-04
    1.55000077655232846273e-03
    7.77083722653251610969e-04
    1.55833411406067451170e-03
    7.81250391407423876514e-04
    1.56666745156902251224e-03
    7.85417060161596467319e-04
    1.57500078907736682648e-03
    7.89583728915769274964e-04
    1.58333412658571287546e-03
    7.93750397669942407870e-04
    1.59166746409405892443e-03
    7.97917066424114673415e-04
    1.60000080160240128711e-03
    8.02083735178288782103e-04
    1.60833413911075015501e-03
    8.06250403932459746605e-04
    1.61666747661909511978e-03
    8.10417072686634614234e-04
    1.62500081412744181927e-03
    8.14583741440807638720e-04
    1.63333415163578678404e-03
    8.18750410194980012685e-04
    1.64166748914413413406e-03
    8.22917078949152928750e-04
    1.65000082665247823147e-03
    8.27083747703324435353e-04
    1.65833416416082341308e-03
    8.31250416457499194563e-04
    1.66666750166917141361e-03
    8.35417085211671460107e-04
    1.67500083917751898047e-03
    8.39583753965843942492e-04
    1.68333417668586221051e-03
    8.43750422720016858558e-04
    1.69166751419420912685e-03
    8.47917091474189015682e-04
    1.70000085170255626002e-03
    8.52083760228363015950e-04
    1.70833418921090122479e-03
    8.56250428982537124638e-04
    1.71666752671924727376e-03
    8.60417097736708631241e-04
    1.72500086422759180485e-03
    8.64583766490882523088e-04
    1.73333420173594045591e-03
    8.68750435245054354952e-04
    1.74166753924428108387e-03
    8.72917103999227596278e-04
    1.75000087675263016861e-03
    8.77083772753402030227e-04
    1.75833421426097513338e-03
    8.81250441507573753670e-04
    1.76666755176932009815e-03
    8.85417110261746452896e-04
    1.77500088927766658080e-03
    8.89583779015918610020e-04
    1.78333422678601262977e-03
    8.93750447770093152389e-04
    1.79166756429435585982e-03
    8.97917116524264984252e-04
    1.80000090180270429403e-03
    9.02083785278438550839e-04
    1.80833423931104990932e-03
    9.06250454032612009006e-04
    1.81666757681939552461e-03
    9.10417122786785358753e-04
    1.82500091432774222411e-03
    9.14583791540957732717e-04
    1.83333425183608740572e-03
    9.18750460295129998262e-04
    1.84166758934443020208e-03
    9.22917129049304106950e-04
    1.85000092685278188891e-03
    9.27083797803476480914e-04
    1.85833426436112446843e-03
    9.31250466557647879097e-04
    1.86666760186947355317e-03
    9.35417135311821445684e-04
    1.87500093937781808426e-03
    9.39583804065994687010e-04
    1.88333427688616196483e-03
    9.43750472820168145177e-04
    1.89166761439450692960e-03
    9.47917141574341169663e-04
    1.90000095190285623117e-03
    9.52083810328513001527e-04
    1.90833428941120011174e-03
    9.56250479082686893374e-04
    1.91666762691954616071e-03
    9.60417147836859917860e-04
    1.92500096442789286021e-03
    9.64583816591032074984e-04
    1.93333430193623955970e-03
    9.68750485345204991050e-04
    1.94166763944458300659e-03
    9.72917154099378774477e-04
    1.95000097695292862188e-03
    9.77083822853551040022e-04
    1.95833431446127380349e-03
    9.81250491607724931870e-04
    1.96666765196961855142e-03
    9.85417160361897739515e-04
    1.97500098947796763615e-03
    9.89583829116069896639e-04
    1.98333432698631325145e-03
    9.93750497870240535880e-04
    1.99166766449465669833e-03
    9.97917166624415945611e-04
    2.00000100200300621675e-03
    1.00208383537858897010e-03
    2.00833433951135660253e-03
    1.00625050413276199458e-03
    2.01666767701969701365e-03
    1.01041717288693371803e-03
    2.02500101452803915950e-03
    1.01458384164110587515e-03
    2.03333435203638954528e-03
    1.01875051039528020068e-03
    2.04166768954473255848e-03
    1.02291717914945300832e-03
    2.05000102705307470433e-03
    1.02708384790362711701e-03
    2.05833436456142725851e-03
    1.03125051665780035834e-03
    2.06666770206977027172e-03
    1.03541718541197034706e-03
    2.07500103957811848909e-03
    1.03958385416614619047e-03
    2.08333437708646887487e-03
    1.04375052292031748023e-03
    2.09166771459480625023e-03
    1.04791719167449072156e-03
    2.10000105210315229920e-03
    1.05208386042866374604e-03
    2.10833438961150051658e-03
    1.05625052918283763789e-03
    2.11666772711984699923e-03
    1.06041719793701066238e-03
    2.12500106462819304820e-03
    1.06458386669118368686e-03
    2.13333440213654126558e-03
    1.06875053544535562715e-03
    2.14166773964488601351e-03
    1.07291720419952908532e-03
    2.15000107715322989407e-03
    1.07708387295370297716e-03
    2.15833441466157897881e-03
    1.08125054170787470061e-03
    2.16666775216991895625e-03
    1.08541721046204685773e-03
    2.17500108967827020939e-03
    1.08958387921621901485e-03
    2.18333442718661192156e-03
    1.09375054797039290670e-03
    2.19166776469495623580e-03
    1.09791721672456593119e-03
    2.20000110220330315214e-03
    1.10208388547873830515e-03
    2.20833443971165310424e-03
    1.10625055423291154648e-03
    2.21666777722000175530e-03
    1.11041722298708522149e-03
    2.22500111472834650322e-03
    1.11458389174125889649e-03
    2.23333445223668778171e-03
    1.11875056049543061994e-03
    2.24166778974503426436e-03
    1.12291722924960234338e-03
    2.25000112725338161437e-03
    1.12708389800377775311e-03
    2.25833446476172549494e-03
    1.13125056675795056076e-03
    2.26666780227006894183e-03
    1.13541723551211968211e-03
    2.27500113977841715920e-03
    1.13958390426629704341e-03
    2.28333447728676320818e-03
    1.14375057302046985105e-03
    2.29166781479511316028e-03
    1.14791724177464352606e-03
    2.30000115230345313772e-03
    1.15208391052881329794e-03
    2.30833448981180222245e-03
    1.15625057928298740663e-03
    2.31666782732014827142e-03
    1.16041724803715978059e-03
    2.32500116482849258567e-03
    1.16458391679133388928e-03
    2.33333450233683993569e-03
    1.16875058554550539588e-03
    2.34166783984518338257e-03
    1.17291725429967863721e-03
    2.35000117735353159995e-03
    1.17708392305385274590e-03
    2.35833451486187851628e-03
    1.18125059180802316830e-03
    2.36666785237022543262e-03
    1.18541726056219619279e-03
    2.37500118987856627742e-03
    1.18958392931637203620e-03
    2.38333452738691362743e-03
    1.19375059807054419332e-03
    2.39166786489525794168e-03
    1.19791726682471808517e-03
    2.40000120240360529170e-03
    1.20208393557888829073e-03
    2.40833453991195090699e-03
    1.20625060433306131522e-03
    2.41666787742029608860e-03
    1.21041727308723564074e-03
    2.42500121492864257125e-03
    1.21458394184140736419e-03
    2.43333455243699208967e-03
    1.21875061059557973815e-03
    2.44166788994533380183e-03
    1.22291727934975232896e-03
    2.45000122745368115185e-03
    1.22708394810392600396e-03
    2.45833456496202589978e-03
    1.23125061685809794425e-03
    2.46666790247037194875e-03
    1.23541728561227292030e-03
    2.47500123997871799772e-03
    1.23958395436644572794e-03
    2.48333457748706101093e-03
    1.24375062312061831875e-03
    2.49166791499541226407e-03
    1.24791729187479090955e-03
    2.50000125250375310887e-03
    1.25208396062896371720e-03
    2.50833459001209872416e-03
    1.25625062938313891009e-03
    2.51666792752045084466e-03
    1.26041729813730846513e-03
    2.52500126502879082210e-03
    1.26458396689148214014e-03
    2.53333460253713817212e-03
    1.26875063564565581514e-03
    2.54166794004548292005e-03
    1.27291730439982970699e-03
    2.55000127755383287215e-03
    1.27708397315400294832e-03
    2.55833461506217935480e-03
    1.28125064190817662332e-03
    2.56666795257052280169e-03
    1.28541731066234791309e-03
    2.57500129007886538121e-03
    1.28958397941652093757e-03
    2.58333462758721359859e-03
    1.29375064817069266102e-03
    2.59166796509555747915e-03
    1.29791731692486590234e-03
    2.60000130260390396181e-03
    1.30208398567903914367e-03
    2.60833464011224914342e-03
    1.30625065443321195131e-03
    2.61666797762059996288e-03
    1.31041732318738454212e-03
    2.62500131512894687921e-03
    1.31458399194155778344e-03
    2.63333465263728729033e-03
    1.31875066069572994057e-03
    2.64166799014563420667e-03
    1.32291732944990426610e-03
    2.65000132765397852092e-03
    1.32708399820407750742e-03
    2.65833466516232717197e-03
    1.33125066695824749614e-03
    2.66666800267067235358e-03
    1.33541733571242247219e-03
    2.67500134017901840255e-03
    1.33958400446659462932e-03
    2.68333467768736575257e-03
    1.34375067322076722012e-03
    2.69166801519571050050e-03
    1.34791734197494219617e-03
    2.70000135270405568211e-03
    1.35208401072911478698e-03
    2.70833469021240520053e-03
    1.35625067948328651042e-03
    2.71666802772074561165e-03
    1.36041734823745888439e-03
    2.72500136522909513007e-03
    1.36458401699163082467e-03
    2.73333470273743467382e-03
    1.36875068574580710176e-03
    2.74166804024578245752e-03
    1.37291735449998099361e-03
    2.75000137775413154226e-03
    1.37708402325414989813e-03
    2.75833471526247889227e-03
    1.38125069200832270577e-03
    2.76666805277082277284e-03
    1.38541736076249898287e-03
    2.77500139027916838813e-03
    1.38958402951666918843e-03
    2.78333472778751443710e-03
    1.39375069827084373079e-03
    2.79166806529586048607e-03
    1.39791736702501437004e-03
    2.80000140280420480032e-03
    1.40208403577918956293e-03
    2.80833474031255301770e-03
    1.40625070453336150321e-03
    2.81666807782089819931e-03
    1.41041737328753517822e-03
    2.82500141532924641669e-03
    1.41458404204170776902e-03
    2.83333475283758986357e-03
    1.41875071079588079351e-03
    2.84166809034593808095e-03
    1.42291737955005468536e-03
    2.85000142785427935943e-03
    1.42708404830422879404e-03
    2.85833476536262367368e-03
    1.43125071705840138485e-03
    2.86666810287097015633e-03
    1.43541738581257159041e-03
    2.87500144037932314420e-03
    1.43958405456674591594e-03
    2.88333477788766832581e-03
    1.44375072332091742254e-03
    2.89166811539601394110e-03
    1.44791739207508957966e-03
    2.90000145290435305118e-03
    1.45208406082926498940e-03
    2.90833479041270213591e-03
    1.45625072958343671284e-03
    2.91666812792105035329e-03
    1.46041739833761147205e-03
    2.92500146542939510122e-03
    1.46458406709178341233e-03
    2.93333480293773768074e-03
    1.46875073584595621998e-03
    2.94166814044608416340e-03
    1.47291740460013032867e-03
    2.95000147795443324814e-03
    1.47708407335430205211e-03
    2.95833481546277669502e-03
    1.48125074210847594396e-03
    2.96666815297112317767e-03
    1.48541741086264593268e-03
    2.97500149047946792560e-03
    1.48958407961681982452e-03
    2.98333482798781917875e-03
    1.49375074837099306585e-03
    2.99166816549615872251e-03
    1.49791741712516760822e-03
    3.00000150300450650620e-03
    1.50208408587934084955e-03
    3.00833484051285212149e-03
    1.50625075463351300667e-03
    3.01666817802119990519e-03
    1.51041742338768494695e-03
    3.02500151552954552048e-03
    1.51458409214185883880e-03
    3.03333485303788419687e-03
    1.51875076089603099593e-03
    3.04166819054623935314e-03
    1.52291742965020467093e-03
    3.05000152805458106531e-03
    1.52708409840437552701e-03
    3.05833486556292234379e-03
    1.53125076715855115358e-03
    3.06666820307127012749e-03
    1.53541743591272374439e-03
    3.07500154057961530910e-03
    1.53958410466689394995e-03
    3.08333487808796049071e-03
    1.54375077342106870916e-03
    3.09166821559631217753e-03
    1.54791744217524281785e-03
    3.10000155310465519073e-03
    1.55208411092941302341e-03
    3.10833489061300644388e-03
    1.55625077968358930050e-03
    3.11666822812134772236e-03
    1.56041744843775993974e-03
    3.12500156562969550605e-03
    1.56458411719193469895e-03
    3.13333490313803808558e-03
    1.56875078594610490451e-03
    3.14166824064638933872e-03
    1.57291745470027857952e-03
    3.15000157815473365297e-03
    1.57708412345445247137e-03
    3.15833491566307709986e-03
    1.58125079220862723058e-03
    3.16666825317142358251e-03
    1.58541746096279743614e-03
    3.17500159067976963148e-03
    1.58958412971697132798e-03
    3.18333492818811524677e-03
    1.59375079847114326827e-03
    3.19166826569645869366e-03
    1.59791746722531867800e-03
    3.20000160320480821208e-03
    1.60208413597949040144e-03
    3.20833494071315512841e-03
    1.60625080473366212488e-03
    3.21666827822150291211e-03
    1.61041747348783406517e-03
    3.22500161572983898642e-03
    1.61458414224201251067e-03
    3.23333495323819327533e-03
    1.61875081099618293307e-03
    3.24166829074653845694e-03
    1.62291747975035509019e-03
    3.25000162825488103646e-03
    1.62708414850452746415e-03
    3.25833496576323055488e-03
    1.63125081725870178968e-03
    3.26666830327157486913e-03
    1.63541748601287242892e-03
    3.27500164077992005074e-03
    1.63958415476704523657e-03
    3.28333497828826436499e-03
    1.64375082352121912842e-03
    3.29166831579661171500e-03
    1.64791749227539193606e-03
    3.30000165330495646293e-03
    1.65208416102956387635e-03
    3.30833499081329774141e-03
    1.65625082978373733451e-03
    3.31666832832164639247e-03
    1.66041749853791187688e-03
    3.32500166582999677825e-03
    1.66458416729208273296e-03
    0.00000000000000000000e+00
